0 0 3 1 0.0889623737599428 0 -0.0892241379310345
2 0 3 1 0.0897908370014578 0 -0.0890353750796392
4 0 3 1 0.0906307698318939 0 -0.0888722965012335
6 0 3 1 0.0914816336208646 0 -0.0887344696585985
8 0 3 1 0.0923428897379827 0 -0.0886214620145154
10 0 3 1 0.0932139995528616 0 -0.0885328410317655
12 0 3 1 0.0940944244351144 0 -0.0884681741731298
14 0 3 1 0.0949836257543543 0 -0.0884270289013894
16 0 3 1 0.0958810648801944 0 -0.0884089726793257
18 0 3 1 0.0967862031822479 0 -0.0884135729697197
20 0 3 1 0.0976985020301279 0 -0.0884403972353526
22 0 3 1 0.0986174227934477 0 -0.0884890129390057
24 0 3 1 0.0995424268418203 0 -0.0885589875434599
26 0 3 1 0.100472975544859 0 -0.0886498885114966
28 0 3 1 0.101408530272177 0 -0.0887612833058969
30 0 3 1 0.102348552393387 0 -0.0888927393894419
32 0 3 1 0.103292503278103 0 -0.0890438242249128
34 0 3 1 0.104239844295937 0 -0.0892141052750908
36 0 3 1 0.105190036816504 0 -0.0894031500027571
38 0 3 1 0.106142542209415 0 -0.0896105258706928
40 0 3 1 0.107096821844284 0 -0.089835800341679
42 0 3 1 0.108052337090725 0 -0.0900785408784971
44 0 3 1 0.109008549318351 0 -0.090338314943928
46 0 3 1 0.109964919896774 0 -0.090614690000753
48 0 3 1 0.110920910195608 0 -0.0909072335117533
50 0 3 1 0.111875981584466 0 -0.09121551293971
52 0 3 1 0.112829595432961 0 -0.0915390957474043
54 0 3 1 0.113781213110706 0 -0.0918775493976174
56 0 3 1 0.114730295987315 0 -0.0922304413531303
58 0 3 1 0.1156763054324 0 -0.0925973390767244
60 0 3 1 0.116618702815576 0 -0.0929778100311807
62 0 3 1 0.117556949506454 0 -0.0933714216792804
64 0 3 1 0.118490506874649 0 -0.0937777414838047
66 0 3 1 0.119418836289772 0 -0.0941963369075348
68 0 3 1 0.120341399121439 0 -0.0946267754132518
70 0 3 1 0.121257656739261 0 -0.0950686244637369
72 0 3 1 0.122167070512851 0 -0.0955214515217713
74 0 3 1 0.123069101811824 0 -0.095984824050136
76 0 3 1 0.123963212005792 0 -0.0964583095116124
78 0 3 1 0.124848862464368 0 -0.0969414753689815
80 0 3 1 0.125725514557165 0 -0.0974338890850246
82 0 3 1 0.126592629653797 0 -0.0979351181225227
84 0 3 1 0.127449669123877 0 -0.0984447299442571
86 0 3 1 0.128296094337018 0 -0.098962292013009
88 0 3 1 0.129131366662833 0 -0.0994873717915594
90 0 3 1 0.129954947470935 0 -0.10001953674269
92 0 3 1 0.130766298130938 0 -0.100558354329181
94 0 3 1 0.131564880012454 0 -0.101103392013814
96 0 3 1 0.132350154485097 0 -0.10165421725937
98 0 3 1 0.13312158291848 0 -0.102210397528631
100 0 3 1 0.133878626682216 0 -0.102771500284378
102 0 3 1 0.134620747145918 0 -0.103337092989391
104 0 3 1 0.1353474056792 0 -0.103906743106452
106 0 3 1 0.136058063651674 0 -0.104480018098343
108 0 3 1 0.136752182432954 0 -0.105056485427843
110 0 3 1 0.137429223392653 0 -0.105635712557735
112 0 3 1 0.138088647900384 0 -0.1062172669508
114 0 3 1 0.13872991732576 0 -0.106800716069818
116 0 3 1 0.139352493038395 0 -0.107385627377571
118 0 3 1 0.139955836407901 0 -0.107971568336841
120 0 3 1 0.140539408803892 0 -0.108558106410407
122 0 3 1 0.141102671595981 0 -0.109144809061052
124 0 3 1 0.14164508615378 0 -0.109731243751557
126 0 3 1 0.142166113846904 0 -0.110316977944703
128 0 3 1 0.142665216044966 0 -0.11090157910327
130 0 3 1 0.143141854117578 0 -0.11148461469004
132 0 3 1 0.143595489434353 0 -0.112065652167795
134 0 3 1 0.144025583364906 0 -0.112644258999315
136 0 3 1 0.144431597278848 0 -0.113220002647382
138 0 3 1 0.144812992545794 0 -0.113792450574777
140 0 3 1 0.145169230535356 0 -0.11436117024428
142 0 3 1 0.145499772617147 0 -0.114925729118674
144 0 3 1 0.145804135655274 0 -0.115485725712954
146 0 3 1 0.146082381691736 0 -0.116041063599077
148 0 3 1 0.146334882205826 0 -0.116591819496153
150 0 3 1 0.146562012228481 0 -0.117138072110632
152 0 3 1 0.14676414679064 0 -0.117679900148964
154 0 3 1 0.146941660923241 0 -0.1182173823176
156 0 3 1 0.147094929657224 0 -0.11875059732299
158 0 3 1 0.147224328023526 0 -0.119279623871585
160 0 3 1 0.147330231053087 0 -0.119804540669834
162 0 3 1 0.147413013776845 0 -0.12032542642419
164 0 3 1 0.147473051225738 0 -0.120842359841101
166 0 3 1 0.147510718430706 0 -0.121355419627018
168 0 3 1 0.147526390422686 0 -0.121864684488393
170 0 3 1 0.147520442232617 0 -0.122370233131674
172 0 3 1 0.147493248891438 0 -0.122872144263314
174 0 3 1 0.147445185430088 0 -0.123370496589761
176 0 3 1 0.147376626879505 0 -0.123865368817468
178 0 3 1 0.147287948270627 0 -0.124356839652883
180 0 3 1 0.147179524634393 0 -0.124844987802458
182 0 3 1 0.147051731001743 0 -0.125329891972643
184 0 3 1 0.146904942403613 0 -0.125811630869888
186 0 3 1 0.146739533870944 0 -0.126290283200644
188 0 3 1 0.146555880434673 0 -0.126765927671362
190 0 3 1 0.146354357125739 0 -0.127238642988491
192 0 3 1 0.146135338975081 0 -0.127708507858482
194 0 3 1 0.145899201013637 0 -0.128175600987787
196 0 3 1 0.145646318272346 0 -0.128640001082854
198 0 3 1 0.145377065782146 0 -0.129101786850135
200 0 3 1 0.145091818573977 0 -0.12956103699608
202 0 3 1 0.144790951678776 0 -0.130017830227139
204 0 3 1 0.144474840127482 0 -0.130472245249763
206 0 3 1 0.144143858951034 0 -0.130924360770403
208 0 3 1 0.14379838318037 0 -0.131374255495508
210 0 3 1 0.143438787846429 0 -0.13182200813153
212 0 3 1 0.14306544798015 0 -0.132267697384918
214 0 3 1 0.142678738612471 0 -0.132711401962124
216 0 3 1 0.14227903477433 0 -0.133153200569597
218 0 3 1 0.141866711496667 0 -0.133593171913788
220 0 3 1 0.141442143810419 0 -0.134031394701148
222 0 3 1 0.141005706746526 0 -0.134467947638127
224 0 3 1 0.140557775335926 0 -0.134902909431175
226 0 3 1 0.140098724609558 0 -0.135336358786743
228 0 3 1 0.13962892959836 0 -0.135768374411281
230 0 3 1 0.13914876533327 0 -0.13619903501124
232 0 3 1 0.138658606845228 0 -0.13662841929307
234 0 3 1 0.138158829165172 0 -0.137056605963221
236 0 3 1 0.13764980732404 0 -0.137483673728145
238 0 3 1 0.137131916352771 0 -0.137909701294291
240 0 3 1 0.136605531282304 0 -0.138334767368111
242 0 3 1 0.136071027143577 0 -0.138758950656053
244 0 3 1 0.135528778967529 0 -0.13918232986457
246 0 3 1 0.134979161785099 0 -0.139604983700111
248 0 3 1 0.134422550627224 0 -0.140026990869126
250 0 3 1 0.133859320524844 0 -0.140448430078067
252 0 3 1 0.133289846508897 0 -0.140869380033384
254 0 3 1 0.132714503610322 0 -0.141289919441526
256 0 3 1 0.132133666860058 0 -0.141710127008946
258 0 3 1 0.131547711289042 0 -0.142130081442092
260 0 3 1 0.130957011928213 0 -0.142549861447416
262 0 3 1 0.130361943808511 0 -0.142969545731367
264 0 3 1 0.129762881960873 0 -0.143389213000397
266 0 3 1 0.129160201416239 0 -0.143808941960956
268 0 3 1 0.128554277205546 0 -0.144228811319494
270 0 3 1 0.127945484359734 0 -0.144648899782461
272 0 3 1 0.127334197909741 0 -0.145069286056309
274 0 3 1 0.126720792886505 0 -0.145490048847487
276 0 3 1 0.126105644320966 0 -0.145911266862447
278 0 3 1 0.125489127244061 0 -0.146333018807638
280 0 3 1 0.12487161668673 0 -0.14675538338951
282 0 3 1 0.12425348767991 0 -0.147178439314516
284 0 3 1 0.123635115254541 0 -0.147602265289104
286 0 3 1 0.123016868093463 0 -0.148026938283508
288 0 3 1 0.122398905157154 0 -0.148452477908515
290 0 3 1 0.121781132657734 0 -0.148878834647771
292 0 3 1 0.121163441759975 0 -0.149305954869447
294 0 3 1 0.120545723628652 0 -0.149733784941714
296 0 3 1 0.119927869428539 0 -0.150162271232743
298 0 3 1 0.119309770324408 0 -0.150591360110705
300 0 3 1 0.118691317481036 0 -0.151020997943771
302 0 3 1 0.118072402063194 0 -0.151451131100112
304 0 3 1 0.117452915235656 0 -0.151881705947898
306 0 3 1 0.116832748163198 0 -0.152312668855301
308 0 3 1 0.116211792010592 0 -0.152743966190491
310 0 3 1 0.115589937942612 0 -0.15317554432164
312 0 3 1 0.114967077124033 0 -0.153607349616918
314 0 3 1 0.114343100719627 0 -0.154039328444497
316 0 3 1 0.11371789989417 0 -0.154471427172547
318 0 3 1 0.113091365812433 0 -0.154903592169239
320 0 3 1 0.112463389639193 0 -0.155335769802744
322 0 3 1 0.111833862539221 0 -0.155767906441234
324 0 3 1 0.111202675677293 0 -0.156199948452878
326 0 3 1 0.110569720218182 0 -0.156631842205849
328 0 3 1 0.109934887326662 0 -0.157063534068316
330 0 3 1 0.109298068167506 0 -0.157494970408451
332 0 3 1 0.108659153905489 0 -0.157926097594425
334 0 3 1 0.108018035705384 0 -0.158356861994408
336 0 3 1 0.107374604731965 0 -0.158787209976573
338 0 3 1 0.106728752150006 0 -0.159217087909088
340 0 3 1 0.106080369124281 0 -0.159646442160127
342 0 3 1 0.105429346819563 0 -0.160075219097858
344 0 3 1 0.104775576400627 0 -0.160503365090454
346 0 3 1 0.104118949032246 0 -0.160930826506086
348 0 3 1 0.103459355879194 0 -0.161357549712923
350 0 3 1 0.102796688106246 0 -0.161783481079138
352 0 3 1 0.102130836878174 0 -0.162208566972901
354 0 3 1 0.101461693359752 0 -0.162632753762383
356 0 3 1 0.100789148715755 0 -0.163055987815754
358 0 3 1 0.100113094110956 0 -0.163478215501187
360 0 3 1 0.0994334207101298 0 -0.163899383186852
362 0 3 1 0.0987500196780491 0 -0.164319437240919
364 0 3 1 0.0980627821794882 0 -0.16473832403156
366 0 3 1 0.0973715993792208 0 -0.165155989926946
368 0 3 1 0.0966763624420209 0 -0.165572381295247
370 0 3 1 0.0959769625326622 0 -0.165987444504635
372 0 3 1 0.0952732908159185 0 -0.16640112592328
374 0 3 1 0.0945652384565638 0 -0.166813371919353
376 0 3 1 0.0938526966193719 0 -0.167224128861026
378 0 3 1 0.0931355564691165 0 -0.167633343116469
380 0 3 1 0.0924137091705715 0 -0.168040961053853
382 0 3 1 0.0916870458885107 0 -0.16844692904135
384 0 3 1 0.090955457787708 0 -0.168851193447129
386 0 3 1 0.0902188360329372 0 -0.169253700639362
388 0 3 1 0.0894770717889721 0 -0.16965439698622
390 0 3 1 0.0887300562205866 0 -0.170053228855875
392 0 3 1 0.0879776804925545 0 -0.170450142616495
394 0 3 1 0.0872198357696496 0 -0.170845084636254
396 0 3 1 0.0864564132166457 0 -0.171238001283321
398 0 3 1 0.0856873039983167 0 -0.171628838925868
400 0 3 1 0.0849123992794364 0 -0.172017543932065
402 0 3 1 0.0841315902247787 0 -0.172404062670084
404 0 3 1 0.0833447679991174 0 -0.172788341508095
406 0 3 1 0.0825518237672262 0 -0.173170326814269
408 0 3 1 0.0817526486938791 0 -0.173549964956778
410 0 3 1 0.0809471339438498 0 -0.173927202303792
412 0 3 1 0.0801351706819123 0 -0.174301985223482
414 0 3 1 0.0793166500728403 0 -0.174674260084019
416 0 3 1 0.0784914632814076 0 -0.175043973253573
418 0 3 1 0.0776595014723882 0 -0.175411071100317
420 0 3 1 0.0768206558105557 0 -0.175775499992421
422 0 3 1 0.0759748174606841 0 -0.176137206298055
424 0 3 1 0.0751218775875472 0 -0.176496136385392
426 0 3 1 0.0742617273559188 0 -0.1768522366226
428 0 3 1 0.0733942582061084 0 -0.177205453331148
430 0 3 1 0.072519501550525 0 -0.177555709106237
432 0 3 1 0.0716378560905715 0 -0.17790286428499
434 0 3 1 0.0707497800433466 0 -0.178246769116195
436 0 3 1 0.069855731625949 0 -0.178587273848642
438 0 3 1 0.0689561690554774 0 -0.178924228731118
440 0 3 1 0.0680515505490305 0 -0.179257484012414
442 0 3 1 0.067142334323707 0 -0.179586889941317
444 0 3 1 0.0662289785966057 0 -0.179912296766618
446 0 3 1 0.0653119415848253 0 -0.180233554737104
448 0 3 1 0.0643916815054643 0 -0.180550514101566
450 0 3 1 0.0634686565756217 0 -0.180863025108791
452 0 3 1 0.0625433250123961 0 -0.18117093800757
454 0 3 1 0.0616161450328862 0 -0.18147410304669
456 0 3 1 0.0606875748541906 0 -0.181772370474941
458 0 3 1 0.0597580726934082 0 -0.182065590541112
460 0 3 1 0.0588280967676377 0 -0.182353613493992
462 0 3 1 0.0578981052939777 0 -0.182636289582369
464 0 3 1 0.0569685564895269 0 -0.182913469055034
466 0 3 1 0.0560399085713841 0 -0.183185002160774
468 0 3 1 0.055112619756648 0 -0.183450739148378
470 0 3 1 0.0541871482624173 0 -0.183710530266637
472 0 3 1 0.0532639523057907 0 -0.183964225764337
474 0 3 1 0.0523434901038669 0 -0.18421167589027
476 0 3 1 0.0514262198737447 0 -0.184452730893223
478 0 3 1 0.0505125998325226 0 -0.184687241021986
480 0 3 1 0.0496030881972996 0 -0.184915056525347
482 0 3 1 0.0486981431851742 0 -0.185136027652095
484 0 3 1 0.0477982230132452 0 -0.18535000465102
486 0 3 1 0.0469037858986112 0 -0.185556837770911
488 0 3 1 0.0460152900583711 0 -0.185756377260556
490 0 3 1 0.0451331937096235 0 -0.185948473368744
492 0 3 1 0.0442579550694671 0 -0.186132976344264
494 0 3 1 0.0433900323550006 0 -0.186309736435906
496 0 3 1 0.0425298837833228 0 -0.186478603892458
498 0 3 1 0.0416779675715323 0 -0.18663942896271
501 0 3 1 0.040834741936728 0 -0.186792061895449
503 0 3 1 0.0400006650960084 0 -0.186936352939466
505 0 3 1 0.0391761952664723 0 -0.187072152343549
507 0 3 1 0.0383617906652184 0 -0.187199310356487
509 0 3 1 0.0375579095093454 0 -0.187317677227069
511 0 3 1 0.036765010015952 0 -0.187427103204084
513 0 3 1 0.035983550402137 0 -0.187527438536321
515 0 3 1 0.0352139888849991 0 -0.18761853347257
517 0 3 1 0.0344567836816369 0 -0.187700238261618
519 0 3 1 0.0337123930091492 0 -0.187772403152255
521 0 3 1 0.0329812750846346 0 -0.18783487839327
523 0 3 1 0.032263888125192 0 -0.187887514233452
525 0 3 1 0.03156069034792 0 -0.18793016092159
527 0 3 1 0.0308721399699173 0 -0.187962668706472
529 0 3 1 0.0301986952082827 0 -0.187984887836889
531 0 3 1 0.0295408142801147 0 -0.187996668561628
533 0 3 1 0.0288989554025123 0 -0.187997861129479
535 0 3 1 0.028273576792574 0 -0.187988315789231
537 0 3 1 0.0276651366673986 0 -0.187967882789672
539 0 3 1 0.0270740932440848 0 -0.187936412379592
541 0 3 1 0.0265009047397313 0 -0.18789375480778
543 0 3 1 0.0259460293714368 0 -0.187839760323024
545 0 3 1 0.0254099253563001 0 -0.187774279174114
547 0 3 1 0.0248930509114198 0 -0.187697161609839
549 0 3 1 0.0243958642538946 0 -0.187608257878987
551 0 3 1 0.0239188236008234 0 -0.187507418230347
553 0 3 1 0.0234623871693046 0 -0.187394492912709
555 0 3 1 0.0230270131764372 0 -0.187269332174861
557 0 3 1 0.0226131598393198 0 -0.187131786265593
559 0 3 1 0.0222212853750511 0 -0.186981705433693
561 0 3 1 0.0218518480007298 0 -0.18681893992795
563 0 3 1 0.0215053059334547 0 -0.186643339997154
565 0 3 1 0.0211821173903244 0 -0.186454755890093
567 0 3 1 0.0208827405884376 0 -0.186253037855556
569 0 3 1 0.0206076337448931 0 -0.186038036142333
571 0 3 1 0.0203572550767896 0 -0.185809600999211
573 0 3 1 0.0201319650150458 0 -0.185567633920782
575 0 3 1 0.0199315205230893 0 -0.185312352654652
577 0 3 1 0.0197554485857392 0 -0.185044095470963
579 0 3 1 0.0196032757351009 0 -0.184763200877102
581 0 3 1 0.0194745285032794 0 -0.184470007380459
583 0 3 1 0.0193687334223803 0 -0.184164853488421
585 0 3 1 0.0192854170245086 0 -0.183848077708378
587 0 3 1 0.0192241058417696 0 -0.183520018547718
589 0 3 1 0.0191843264062687 0 -0.18318101451383
591 0 3 1 0.019165605250111 0 -0.182831404114103
593 0 3 1 0.0191674689054019 0 -0.182471525855925
595 0 3 1 0.0191894439042467 0 -0.182101718246684
597 0 3 1 0.0192310567787504 0 -0.18172231979377
599 0 3 1 0.0192918340610186 0 -0.181333669004571
601 0 3 1 0.0193713022831563 0 -0.180936104386476
603 0 3 1 0.0194689879772689 0 -0.180529964446873
605 0 3 1 0.0195844176754617 0 -0.180115587693152
607 0 3 1 0.0197171179098398 0 -0.1796933126327
609 0 3 1 0.0198666152125086 0 -0.179263477772906
611 0 3 1 0.0200324361155733 0 -0.178826421621159
613 0 3 1 0.0202141071511392 0 -0.178382482684849
615 0 3 1 0.0204111548513116 0 -0.177931999471362
617 0 3 1 0.0206231057481957 0 -0.177475310488088
619 0 3 1 0.0208494863738968 0 -0.177012754242416
621 0 3 1 0.0210898232605201 0 -0.176544669241735
623 0 3 1 0.021343642940171 0 -0.176071393993432
625 0 3 1 0.0216104719449546 0 -0.175593267004897
627 0 3 1 0.0218898368069763 0 -0.175110626783518
629 0 3 1 0.0221812640583412 0 -0.174623811836684
631 0 3 1 0.0224842802311548 0 -0.174133160671784
633 0 3 1 0.0227984118575222 0 -0.173639011796205
635 0 3 1 0.0231231854695487 0 -0.173141703717338
637 0 3 1 0.0234581275993395 0 -0.17264157494257
639 0 3 1 0.023802764779 0 -0.17213896397929
641 0 3 1 0.0241566235406354 0 -0.171634209334887
643 0 3 1 0.024519230416351 0 -0.17112764951675
645 0 3 1 0.0248901119382519 0 -0.170619623032266
647 0 3 1 0.0252687946384436 0 -0.170110468388826
649 0 3 1 0.0256548050490312 0 -0.169600524093816
651 0 3 1 0.02604766970212 0 -0.169090128654627
653 0 3 1 0.0264469151298153 0 -0.168579620578647
655 0 3 1 0.0268520678642224 0 -0.168069338373264
657 0 3 1 0.0272626544374465 0 -0.167559620545867
659 0 3 1 0.0276782013815928 0 -0.167050805603844
661 0 3 1 0.0280982352287667 0 -0.166543232054585
663 0 3 1 0.0285222825110734 0 -0.166037238405478
665 0 3 1 0.0289498697606182 0 -0.165533163163911
667 0 3 1 0.0293805235095063 0 -0.165031344837274
669 0 3 1 0.029813770289843 0 -0.164532121932955
671 0 3 1 0.0302491366337336 0 -0.164035832958342
673 0 3 1 0.0306861490732832 0 -0.163542816420825
675 0 3 1 0.0311243341405973 0 -0.163053410827791
677 0 3 1 0.0315632183677811 0 -0.16256795468663
679 0 3 1 0.0320023282869398 0 -0.16208678650473
681 0 3 1 0.0324411904301786 0 -0.16161024478948
683 0 3 1 0.0328793313296029 0 -0.161138668048269
685 0 3 1 0.0333162775173179 0 -0.160672394788484
687 0 3 1 0.0337515555254289 0 -0.160211763517516
689 0 3 1 0.0341846918860412 0 -0.159757112742752
691 0 3 1 0.0346152131312599 0 -0.159308780971581
693 0 3 1 0.0350426457931905 0 -0.158867106711391
695 0 3 1 0.035466516403938 0 -0.158432428469573
697 0 3 1 0.0358863514956079 0 -0.158005084753513
699 0 3 1 0.0363016776003053 0 -0.157585414070601
701 0 3 1 0.0367120212501356 0 -0.157173754928225
703 0 3 1 0.037116908977204 0 -0.156770445833774
705 0 3 1 0.0375158673136157 0 -0.156375825294637
707 0 3 1 0.037908422791476 0 -0.155990231818202
709 0 3 1 0.0382941019428903 0 -0.155614003911859
711 0 3 1 0.0386724312999637 0 -0.155247480082994
713 0 3 1 0.0390429373948015 0 -0.154890998838998
715 0 3 1 0.0394051672394188 0 -0.154544876463688
717 0 3 1 0.0397590118443165 0 -0.154209055954335
719 0 3 1 0.0401046476587389 0 -0.153883170567187
721 0 3 1 0.0404422597718923 0 -0.153566844182923
723 0 3 1 0.0407720332729829 0 -0.153259700682224
725 0 3 1 0.041094153251217 0 -0.152961363945767
727 0 3 1 0.041408804795801 0 -0.152671457854232
729 0 3 1 0.041716172995941 0 -0.1523896062883
731 0 3 1 0.0420164429408435 0 -0.152115433128648
733 0 3 1 0.0423097997197147 0 -0.151848562255956
735 0 3 1 0.0425964284217608 0 -0.151588617550903
737 0 3 1 0.0428765141361883 0 -0.151335222894169
739 0 3 1 0.0431502419522032 0 -0.151088002166434
741 0 3 1 0.043417796959012 0 -0.150846579248375
743 0 3 1 0.043679364245821 0 -0.150610578020673
745 0 3 1 0.0439351289018363 0 -0.150379622364007
747 0 3 1 0.0441852760162644 0 -0.150153336159055
749 0 3 1 0.0444299906783114 0 -0.149931343286499
751 0 3 1 0.0446694579771838 0 -0.149713267627015
753 0 3 1 0.0449038630020876 0 -0.149498733061285
755 0 3 1 0.0451333908422294 0 -0.149287363469987
757 0 3 1 0.0453582265868153 0 -0.1490787827338
759 0 3 1 0.0455785553250516 0 -0.148872614733404
761 0 3 1 0.0457945621461446 0 -0.148668483349478
763 0 3 1 0.0460064321393006 0 -0.148466012462701
765 0 3 1 0.0462143503937259 0 -0.148264825953753
767 0 3 1 0.0464185019986268 0 -0.148064547703313
769 0 3 1 0.0466190720432096 0 -0.147864801592059
771 0 3 1 0.0468162456166805 0 -0.147665211500673
773 0 3 1 0.0470102078082458 0 -0.147465401309831
775 0 3 1 0.0472011437071119 0 -0.147264994900215
777 0 3 1 0.047389238402485 0 -0.147063616152503
779 0 3 1 0.0475746769835714 0 -0.146860888947374
781 0 3 1 0.0477576445395774 0 -0.146656437165508
783 0 3 1 0.0479383261597093 0 -0.146449884687584
785 0 3 1 0.0481169069331733 0 -0.146240855394282
787 0 3 1 0.0482935719491758 0 -0.14602897316628
789 0 3 1 0.048468506296923 0 -0.145813861884258
791 0 3 1 0.0486418950656213 0 -0.145595145428895
793 0 3 1 0.0488139233444768 0 -0.14537244768087
795 0 3 1 0.048984776222696 0 -0.145145392520863
797 0 3 1 0.049154638789485 0 -0.144913603829553
799 0 3 1 0.0493236961340503 0 -0.14467670548762
801 0 3 1 0.049492133345598 0 -0.144434321375741
803 0 3 1 0.0496601355133344 0 -0.144186075374598
805 0 3 1 0.0498278877264659 0 -0.143931591364869
807 0 3 1 0.0499955750741988 0 -0.143670493227232
809 0 3 1 0.0501633826457392 0 -0.143402404842369
811 0 3 1 0.0503314955302935 0 -0.143126950090958
813 0 3 1 0.0505000988170681 0 -0.142843752853677
815 0 3 1 0.0506693775952691 0 -0.142552437011207
817 0 3 1 0.0508395169541029 0 -0.142252626444227
819 0 3 1 0.0510107019827757 0 -0.141943945033416
821 0 3 1 0.0511831177704939 0 -0.141626016659453
823 0 3 1 0.0513569494064636 0 -0.141298465203017
825 0 3 1 0.0515323819798914 0 -0.140960914544789
827 0 3 1 0.0517096005799833 0 -0.140612988565446
829 0 3 1 0.0518887902959457 0 -0.140254311145669
831 0 3 1 0.0520701362169849 0 -0.139884506166137
833 0 3 1 0.0522538234323071 0 -0.139503197507528
835 0 3 1 0.0524400370311187 0 -0.139110009050523
837 0 3 1 0.0526289621026259 0 -0.1387045646758
839 0 3 1 0.0528207837360351 0 -0.138286488264039
841 0 3 1 0.0530156870205525 0 -0.137855403695919
843 0 3 1 0.0532138570453844 0 -0.137410934852119
845 0 3 1 0.0534154788997371 0 -0.136952705613319
847 0 3 1 0.0536207376728168 0 -0.136480339860197
849 0 3 1 0.0538298184538299 0 -0.135993461473434
851 0 3 1 0.0540429063319827 0 -0.135491694333708
853 0 3 1 0.0542601863964814 0 -0.134974662321699
855 0 3 1 0.0544818437365324 0 -0.134441989318086
857 0 3 1 0.0547080631206695 0 -0.133893302977872
859 0 3 1 0.0549390013788552 0 -0.133328559794114
861 0 3 1 0.0551747661178579 0 -0.132748295618725
863 0 3 1 0.0554154599339416 0 -0.132153105277446
865 0 3 1 0.0556611854233705 0 -0.131543583596018
867 0 3 1 0.0559120451824089 0 -0.130920325400182
869 0 3 1 0.0561681418073208 0 -0.130283925515677
871 0 3 1 0.0564295778943704 0 -0.129634978768245
873 0 3 1 0.0566964560398219 0 -0.128974079983626
875 0 3 1 0.0569688788399395 0 -0.128301823987561
877 0 3 1 0.0572469488909872 0 -0.127618805605789
879 0 3 1 0.0575307687892294 0 -0.126925619664053
881 0 3 1 0.05782044113093 0 -0.126222860988091
883 0 3 1 0.0581160685123533 0 -0.125511124403645
885 0 3 1 0.0584177535297635 0 -0.124791004736456
887 0 3 1 0.0587255987794246 0 -0.124063096812264
889 0 3 1 0.059039706857601 0 -0.123327995456809
891 0 3 1 0.0593601803605566 0 -0.122586295495832
893 0 3 1 0.0596871218845557 0 -0.121838591755073
895 0 3 1 0.0600206340258624 0 -0.121085479060274
897 0 3 1 0.060360819380741 0 -0.120327552237174
899 0 3 1 0.0607077805454554 0 -0.119565406111515
901 0 3 1 0.06106162011627 0 -0.118799635509036
903 0 3 1 0.0614224406894489 0 -0.118030835255479
905 0 3 1 0.0617903448612562 0 -0.117259600176583
907 0 3 1 0.0621654352279561 0 -0.11648652509809
909 0 3 1 0.0625478143858128 0 -0.11571220484574
911 0 3 1 0.0629375849310903 0 -0.114937234245274
913 0 3 1 0.063334849460053 0 -0.114162208122431
915 0 3 1 0.0637397105689648 0 -0.113387721302953
917 0 3 1 0.06415227085409 0 -0.112614368612581
919 0 3 1 0.0645726329116928 0 -0.111842744877054
921 0 3 1 0.0650008993380373 0 -0.111073444922113
923 0 3 1 0.0654371727293877 0 -0.1103070635735
925 0 3 1 0.0658815556820081 0 -0.109544195656953
927 0 3 1 0.0663341507921627 0 -0.108785435998215
929 0 3 1 0.0667950606561156 0 -0.108031379423025
931 0 3 1 0.067264387870131 0 -0.107282620757124
933 0 3 1 0.0677422350304731 0 -0.106539754826253
935 0 3 1 0.068228704733406 0 -0.105803376456152
937 0 3 1 0.0687238995751939 0 -0.105074080472562
939 0 3 1 0.0692279221521009 0 -0.104352461701222
941 0 3 1 0.0697408750603912 0 -0.103639114967875
943 0 3 1 0.070262860896329 0 -0.10293463509826
945 0 3 1 0.0707939822561784 0 -0.102239616918119
947 0 3 1 0.0713343417362036 0 -0.10155465525319
949 0 3 1 0.0718840419326687 0 -0.100880344929216
951 0 3 1 0.0724431854418379 0 -0.100217280771936
953 0 3 1 0.0730118748599754 0 -0.0995660576070912
955 0 3 1 0.0735902127833453 0 -0.0989272702604222
957 0 3 1 0.0741783018082118 0 -0.0983015135576695
959 0 3 1 0.074776244530839 0 -0.0976893823245735
961 0 3 1 0.0753841435474911 0 -0.0970914713868749
963 0 3 1 0.0760021014544322 0 -0.0965083755703143
965 0 3 1 0.0766302208479266 0 -0.095940689700632
967 0 3 1 0.0772686043242383 0 -0.0953890086035688
969 0 3 1 0.0779173544796316 0 -0.0948539271048652
971 0 3 1 0.0785765739103706 0 -0.0943360400302617
973 0 3 1 0.0792463652127194 0 -0.0938359422054988
975 0 3 1 0.0799268309829422 0 -0.0933542284563172
977 0 3 1 0.0806180738173032 0 -0.0928914936084574
979 0 3 1 0.0813201963120665 0 -0.0924483324876599
981 0 3 1 0.0820333010634963 0 -0.0920253399196652
983 0 3 1 0.0827574906678568 0 -0.091623110730214
985 0 3 1 0.083492867721412 0 -0.0912422397450468
987 0 3 1 0.0842395348204262 0 -0.0908833217899042
989 0 3 1 0.0849975945611636 0 -0.0905469516905266
991 0 3 1 0.0857671495398882 0 -0.0902337242726547
993 0 3 1 0.0865483023528643 0 -0.0899442343620289
995 0 3 1 0.087341155596356 0 -0.0896790767843899
997 0 3 1 0.0881458118666274 0 -0.0894388463654783
1000 0 3 1 0.0889623737599428 0 -0.0892241379310345
0 1 3 1 0.0031638216105103 0 -0.113362068965517
2 1 3 1 0.00393896448116868 0 -0.113472050760234
4 1 3 1 0.00470439180954166 0 -0.113604030778575
6 1 3 1 0.00546010307855954 0 -0.113757606403371
8 1 3 1 0.00620609777115263 0 -0.113932375017452
10 1 3 1 0.00694237537025121 0 -0.11412793400365
12 1 3 1 0.00766893535878559 0 -0.114343880744795
14 1 3 1 0.00838577721968607 0 -0.114579812623718
16 1 3 1 0.00909290043588295 0 -0.114835327023251
18 1 3 1 0.00979030449030651 0 -0.115110021326223
20 1 3 1 0.0104779888658871 0 -0.115403492915466
22 1 3 1 0.0111559530455549 0 -0.11571533917381
24 1 3 1 0.0118241965122404 0 -0.116045157484087
26 1 3 1 0.0124827187488737 0 -0.116392545229127
28 1 3 1 0.0131315192383852 0 -0.116757099791762
30 1 3 1 0.0137705974637053 0 -0.117138418554821
32 1 3 1 0.0143999529077641 0 -0.117536098901136
34 1 3 1 0.0150195850534919 0 -0.117949738213538
36 1 3 1 0.0156294933838192 0 -0.118378933874857
38 1 3 1 0.0162296773816762 0 -0.118823283267924
40 1 3 1 0.0168201365299931 0 -0.119282383775571
42 1 3 1 0.0174008703117003 0 -0.119755832780627
44 1 3 1 0.0179718782097281 0 -0.120243227665925
46 1 3 1 0.0185331597070068 0 -0.120744165814294
48 1 3 1 0.0190847142864667 0 -0.121258244608565
50 1 3 1 0.019626541431038 0 -0.121785061431571
52 1 3 1 0.0201586406236511 0 -0.12232421366614
54 1 3 1 0.0206810113472363 0 -0.122875298695104
56 1 3 1 0.0211936530847239 0 -0.123437913901294
58 1 3 1 0.0216965653190441 0 -0.124011656667541
60 1 3 1 0.0221897475331273 0 -0.124596124376676
62 1 3 1 0.0226731992099038 0 -0.125190914411529
64 1 3 1 0.0231469198323038 0 -0.125795624154931
66 1 3 1 0.0236109088832577 0 -0.126409850989714
68 1 3 1 0.0240651658456958 0 -0.127033192298707
70 1 3 1 0.0245096902025484 0 -0.127665245464743
72 1 3 1 0.0249444814367457 0 -0.128305607870651
74 1 3 1 0.0253695390312181 0 -0.128953876899262
76 1 3 1 0.0257848624688958 0 -0.129609649933408
78 1 3 1 0.0261904512327092 0 -0.130272524355919
80 1 3 1 0.0265863048055886 0 -0.130942097549626
82 1 3 1 0.0269724226704642 0 -0.13161796689736
84 1 3 1 0.0273488043102664 0 -0.132299729781952
86 1 3 1 0.0277154492079254 0 -0.132986983586232
88 1 3 1 0.0280723568463716 0 -0.133679325693032
90 1 3 1 0.0284195267085352 0 -0.134376353485182
92 1 3 1 0.0287569582773466 0 -0.135077664345513
94 1 3 1 0.0290846510357361 0 -0.135782855656856
96 1 3 1 0.0294026044666339 0 -0.136491524802042
98 1 3 1 0.0297108180529704 0 -0.137203269163901
100 1 3 1 0.0300092912776758 0 -0.137917686125265
102 1 3 1 0.0302980236236804 0 -0.138634373068965
104 1 3 1 0.0305770145739147 0 -0.13935292737783
106 1 3 1 0.0308462636113087 0 -0.140072946434693
108 1 3 1 0.0311057702187929 0 -0.140794027622383
110 1 3 1 0.0313555338792975 0 -0.141515768323732
112 1 3 1 0.0315955540757529 0 -0.142237765921571
114 1 3 1 0.0318258302910894 0 -0.14295961779873
116 1 3 1 0.0320463620082371 0 -0.14368092133804
118 1 3 1 0.0322571487101265 0 -0.144401273922333
120 1 3 1 0.0324581898796879 0 -0.145120272934438
122 1 3 1 0.0326494849998515 0 -0.145837515757187
124 1 3 1 0.0328310335535476 0 -0.146552599773411
126 1 3 1 0.0330028350237066 0 -0.14726512236594
128 1 3 1 0.0331648888932587 0 -0.147974680917606
130 1 3 1 0.0333171946451342 0 -0.148680872811238
132 1 3 1 0.0334597517622634 0 -0.149383295429669
134 1 3 1 0.0335925597275767 0 -0.150081546155728
136 1 3 1 0.0337156180240044 0 -0.150775222372248
138 1 3 1 0.0338289261344766 0 -0.151463921462057
140 1 3 1 0.0339324835419238 0 -0.152147240807988
142 1 3 1 0.0340262897292762 0 -0.152824777792872
144 1 3 1 0.0341103452118289 0 -0.153496156803297
146 1 3 1 0.034184660646829 0 -0.154161267510778
148 1 3 1 0.0342492524479895 0 -0.154820150159788
150 1 3 1 0.034304137095095 0 -0.155472846723039
152 1 3 1 0.0343493310679299 0 -0.156119399173245
154 1 3 1 0.0343848508462788 0 -0.156759849483119
156 1 3 1 0.0344107129099261 0 -0.157394239625374
158 1 3 1 0.0344269337386564 0 -0.158022611572723
160 1 3 1 0.0344335298122542 0 -0.158645007297879
162 1 3 1 0.0344305176105038 0 -0.159261468773555
164 1 3 1 0.03441791361319 0 -0.159872037972464
166 1 3 1 0.034395734300097 0 -0.16047675686732
168 1 3 1 0.0343639961510095 0 -0.161075667430835
170 1 3 1 0.0343227156457119 0 -0.161668811635723
172 1 3 1 0.0342719092639888 0 -0.162256231454696
174 1 3 1 0.0342115934856245 0 -0.162837968860468
176 1 3 1 0.0341417847904037 0 -0.163414065825752
178 1 3 1 0.0340624996581108 0 -0.16398456432326
180 1 3 1 0.0339737545685304 0 -0.164549506325707
182 1 3 1 0.0338755660014468 0 -0.165108933805804
184 1 3 1 0.0337679504366446 0 -0.165662888736266
186 1 3 1 0.0336509243539084 0 -0.166211413089805
188 1 3 1 0.0335245042330225 0 -0.166754548839134
190 1 3 1 0.0333887065537716 0 -0.167292337956966
192 1 3 1 0.0332435477959401 0 -0.167824822416015
194 1 3 1 0.0330890444393124 0 -0.168352044188993
196 1 3 1 0.0329252129636732 0 -0.168874045248614
198 1 3 1 0.0327520698488068 0 -0.16939086756759
200 1 3 1 0.0325696315744978 0 -0.169902553118636
202 1 3 1 0.0323779146205307 0 -0.170409143874463
204 1 3 1 0.03217693546669 0 -0.170910681807785
206 1 3 1 0.0319667105927601 0 -0.171407208891315
208 1 3 1 0.0317472564785257 0 -0.171898767097766
210 1 3 1 0.0315185896037711 0 -0.172385398399852
212 1 3 1 0.0312807264482808 0 -0.172867144770284
214 1 3 1 0.0310336834918395 0 -0.173344048181777
216 1 3 1 0.0307774772142315 0 -0.173816150607044
218 1 3 1 0.0305121240952413 0 -0.174283494018796
220 1 3 1 0.0302376406146535 0 -0.174746120389749
222 1 3 1 0.0299540432522526 0 -0.175204071692614
224 1 3 1 0.029661348487823 0 -0.175657389900105
226 1 3 1 0.0293595728011493 0 -0.176106116984935
228 1 3 1 0.0290487326720159 0 -0.176550294919816
230 1 3 1 0.0287288445802073 0 -0.176989965677463
232 1 3 1 0.0283999250055081 0 -0.177425171230588
234 1 3 1 0.0280619904277027 0 -0.177855953551904
236 1 3 1 0.0277150573265757 0 -0.178282354614124
238 1 3 1 0.0273591421819115 0 -0.178704416389961
240 1 3 1 0.0269942614734946 0 -0.179122180852129
242 1 3 1 0.0266204316811095 0 -0.179535689973341
244 1 3 1 0.0262376692845408 0 -0.179944985726309
246 1 3 1 0.0258459907635729 0 -0.180350110083747
248 1 3 1 0.0254454125979902 0 -0.180751105018367
250 1 3 1 0.0250359512675774 0 -0.181148012502883
252 1 3 1 0.0246176232521189 0 -0.181540874510009
254 1 3 1 0.0241904450313993 0 -0.181929733012456
256 1 3 1 0.0237544330852029 0 -0.182314629982938
258 1 3 1 0.0233096038933143 0 -0.182695607394169
260 1 3 1 0.022855973935518 0 -0.183072707218861
262 1 3 1 0.0223935596915985 0 -0.183445971429727
264 1 3 1 0.0219223776413403 0 -0.18381544199948
266 1 3 1 0.0214424442645279 0 -0.184181160900834
268 1 3 1 0.0209537760409457 0 -0.184543170106502
270 1 3 1 0.0204563894503784 0 -0.184901511589196
272 1 3 1 0.0199503009726103 0 -0.18525622732163
274 1 3 1 0.019435527087426 0 -0.185607359276517
276 1 3 1 0.01891208427461 0 -0.18595494942657
278 1 3 1 0.0183799890139467 0 -0.186299039744502
280 1 3 1 0.0178392577852207 0 -0.186639672203026
282 1 3 1 0.0172899070682165 0 -0.186976888774855
284 1 3 1 0.0167319533427186 0 -0.187310731432703
286 1 3 1 0.0161654160575138 0 -0.187641241306203
288 1 3 1 0.0155904127484326 0 -0.1879684316722
290 1 3 1 0.0150071791615874 0 -0.188292282240546
292 1 3 1 0.0144159580807262 0 -0.188612770722689
294 1 3 1 0.0138169922895968 0 -0.188929874830078
296 1 3 1 0.0132105245719472 0 -0.189243572274159
298 1 3 1 0.0125967977115253 0 -0.189553840766381
300 1 3 1 0.011976054492079 0 -0.189860658018191
302 1 3 1 0.0113485376973561 0 -0.190164001741036
304 1 3 1 0.0107144901111046 0 -0.190463849646365
306 1 3 1 0.0100741545170725 0 -0.190760179445625
308 1 3 1 0.00942777369900753 0 -0.191052968850264
310 1 3 1 0.00877559044065767 0 -0.191342195571729
312 1 3 1 0.00811784752577082 0 -0.191627837321468
314 1 3 1 0.00745478773809489 0 -0.191909871810928
316 1 3 1 0.00678665386137778 0 -0.192188276751558
318 1 3 1 0.00611368867936741 0 -0.192463029854806
320 1 3 1 0.00543613497581167 0 -0.192734108832117
322 1 3 1 0.00475423553445847 0 -0.193001491394941
324 1 3 1 0.00406823313905572 0 -0.193265155254725
326 1 3 1 0.00337837057335132 0 -0.193525078122917
328 1 3 1 0.00268489062109318 0 -0.193781237710964
330 1 3 1 0.0019880360660292 0 -0.194033611730314
332 1 3 1 0.0012880496919073 0 -0.194282177892415
334 1 3 1 0.000585174282475366 0 -0.194526913908714
336 1 3 1 -0.000120347378518684 0 -0.194767797490659
338 1 3 1 -0.000828272507326947 0 -0.195004806349697
340 1 3 1 -0.00153835832020152 0 -0.195237918197277
342 1 3 1 -0.00225036203339449 0 -0.195467110744846
344 1 3 1 -0.00296404086315795 0 -0.195692361703851
346 1 3 1 -0.00367915202574401 0 -0.195913648785741
348 1 3 1 -0.00439545273740476 0 -0.196130949701963
350 1 3 1 -0.00511270021439228 0 -0.196344242163964
352 1 3 1 -0.00583065167295868 0 -0.196553503883192
354 1 3 1 -0.00654906432935604 0 -0.196758712571096
356 1 3 1 -0.00726769539983646 0 -0.196959845939121
358 1 3 1 -0.00798630210065204 0 -0.197156881698717
360 1 3 1 -0.00870464164805487 0 -0.197349797561331
362 1 3 1 -0.00942247125829703 0 -0.197538571238411
364 1 3 1 -0.0101395481476306 0 -0.197723180441404
366 1 3 1 -0.0108556295323078 0 -0.197903602881757
368 1 3 1 -0.0115704726285806 0 -0.198079816270919
370 1 3 1 -0.0122838346527011 0 -0.198251798320338
372 1 3 1 -0.0129954728209214 0 -0.19841952674146
374 1 3 1 -0.0137051443494936 0 -0.198582979245734
376 1 3 1 -0.0144126064546698 0 -0.198742133544607
378 1 3 1 -0.0151176163527022 0 -0.198896967349526
380 1 3 1 -0.0158199312598427 0 -0.199047458371941
382 1 3 1 -0.0165193083923435 0 -0.199193584323297
384 1 3 1 -0.0172155049664567 0 -0.199335322915043
386 1 3 1 -0.0179082781984343 0 -0.199472651858627
388 1 3 1 -0.0185973853045286 0 -0.199605548865496
390 1 3 1 -0.0192825835009915 0 -0.199733991647097
392 1 3 1 -0.0199636300040751 0 -0.199857957914879
394 1 3 1 -0.0206402820300317 0 -0.199977425380289
396 1 3 1 -0.0213122967951131 0 -0.200092371754775
398 1 3 1 -0.0219794315155716 0 -0.200202774749785
400 1 3 1 -0.0226414434076593 0 -0.200308612076765
402 1 3 1 -0.0232980896876282 0 -0.200409861447165
404 1 3 1 -0.0239491275717303 0 -0.20050650057243
406 1 3 1 -0.024594314276218 0 -0.20059850716401
408 1 3 1 -0.0252334070173431 0 -0.200685858933352
410 1 3 1 -0.0258661630113578 0 -0.200768533591902
412 1 3 1 -0.0264923394745143 0 -0.200846508851111
414 1 3 1 -0.0271116936230645 0 -0.200919762422423
416 1 3 1 -0.0277239826732606 0 -0.200988272017288
418 1 3 1 -0.0283289638413547 0 -0.201052015347154
420 1 3 1 -0.0289263943435989 0 -0.201110970123466
422 1 3 1 -0.0295160313962453 0 -0.201165114057675
424 1 3 1 -0.0300976322155459 0 -0.201214424861226
426 1 3 1 -0.0306709540177529 0 -0.201258880245568
428 1 3 1 -0.0312357542833635 0 -0.201298457914276
430 1 3 1 -0.0317919247294087 0 -0.201333131571702
432 1 3 1 -0.0323397093116978 0 -0.201362864428177
434 1 3 1 -0.0328794090629917 0 -0.201387617993574
436 1 3 1 -0.0334113250160512 0 -0.201407353777766
438 1 3 1 -0.0339357582036369 0 -0.201422033290626
440 1 3 1 -0.0344530096585096 0 -0.201431618042028
442 1 3 1 -0.0349633804134302 0 -0.201436069541844
444 1 3 1 -0.0354671715011594 0 -0.201435349299949
446 1 3 1 -0.0359646839544579 0 -0.201429418826214
448 1 3 1 -0.0364562188060866 0 -0.201418239630514
450 1 3 1 -0.0369420770888061 0 -0.201401773222721
452 1 3 1 -0.0374225598353773 0 -0.201379981112709
454 1 3 1 -0.037897968078561 0 -0.201352824810351
456 1 3 1 -0.0383686028511178 0 -0.201320265825521
458 1 3 1 -0.0388347651858086 0 -0.201282265668091
460 1 3 1 -0.0392967561153941 0 -0.201238785847934
462 1 3 1 -0.0397548766726351 0 -0.201189787874925
464 1 3 1 -0.0402094278902924 0 -0.201135233258935
466 1 3 1 -0.0406607108011267 0 -0.201075083509839
468 1 3 1 -0.0411090264378988 0 -0.20100930013751
470 1 3 1 -0.0415546758333695 0 -0.20093784465182
472 1 3 1 -0.0419979600202995 0 -0.200860678562643
474 1 3 1 -0.0424391800314496 0 -0.200777763379852
476 1 3 1 -0.0428786368995805 0 -0.200689060613321
478 1 3 1 -0.0433166316574531 0 -0.200594531772923
480 1 3 1 -0.0437534653378281 0 -0.20049413836853
482 1 3 1 -0.0441894389734663 0 -0.200387841910017
484 1 3 1 -0.0446248535971284 0 -0.200275603907255
486 1 3 1 -0.0450600102415752 0 -0.20015738587012
488 1 3 1 -0.0454952099395675 0 -0.200033149308483
490 1 3 1 -0.045930753723866 0 -0.199902855732218
492 1 3 1 -0.0463669426272315 0 -0.199766466651198
494 1 3 1 -0.0468040776824248 0 -0.199623943575297
496 1 3 1 -0.0472424599222067 0 -0.199475248014387
498 1 3 1 -0.0476823903793378 0 -0.199320341478342
501 1 3 1 -0.048124170086579 0 -0.199159185477035
503 1 3 1 -0.0485681000766911 0 -0.19899174152034
505 1 3 1 -0.0490144813824348 0 -0.198817971118129
507 1 3 1 -0.0494636150365708 0 -0.198637835780275
509 1 3 1 -0.04991580207186 0 -0.198451297016653
511 1 3 1 -0.0503713435210631 0 -0.198258316337135
513 1 3 1 -0.0508305404169409 0 -0.198058855251594
515 1 3 1 -0.0512936937922541 0 -0.197852875269904
517 1 3 1 -0.0517611046797635 0 -0.197640337901938
519 1 3 1 -0.0522330741122299 0 -0.197421204657568
521 1 3 1 -0.0527099031224141 0 -0.197195437046669
523 1 3 1 -0.0531918927430768 0 -0.196962996579114
525 1 3 1 -0.0536793440069788 0 -0.196723844764775
527 1 3 1 -0.0541725579468808 0 -0.196477943113526
529 1 3 1 -0.0546718355955436 0 -0.19622525313524
531 1 3 1 -0.055177477985728 0 -0.195965736339791
533 1 3 1 -0.0556897861501948 0 -0.195699354237051
535 1 3 1 -0.0562090611217047 0 -0.195426068336894
537 1 3 1 -0.0567356039330184 0 -0.195145840149193
539 1 3 1 -0.0572697156168968 0 -0.194858631183821
541 1 3 1 -0.0578116972061007 0 -0.194564402950652
543 1 3 1 -0.0583618497333907 0 -0.194263116959558
545 1 3 1 -0.0589204742315277 0 -0.193954734720414
547 1 3 1 -0.0594878717332724 0 -0.193639217743091
549 1 3 1 -0.0600643432713856 0 -0.193316527537464
551 1 3 1 -0.0606501898786281 0 -0.192986625613405
553 1 3 1 -0.0612457125877606 0 -0.192649473480788
555 1 3 1 -0.0618512124315438 0 -0.192305032649487
557 1 3 1 -0.0624669904427387 0 -0.191953264629373
559 1 3 1 -0.0630933476541058 0 -0.191594130930321
561 1 3 1 -0.0637305850984061 0 -0.191227593062203
563 1 3 1 -0.0643790038084002 0 -0.190853612534893
565 1 3 1 -0.065038904816849 0 -0.190472150858265
567 1 3 1 -0.0657105891565131 0 -0.190083169542191
569 1 3 1 -0.0663943578601534 0 -0.189686630096544
571 1 3 1 -0.0670905119605306 0 -0.189282494031198
573 1 3 1 -0.0677992579370171 0 -0.188870751388765
575 1 3 1 -0.0685202187520092 0 -0.188451568295849
577 1 3 1 -0.0692527949923417 0 -0.188025177983827
579 1 3 1 -0.0699963868071019 0 -0.187591813816176
581 1 3 1 -0.0707503943453773 0 -0.187151709156368
583 1 3 1 -0.0715142177562556 0 -0.18670509736788
585 1 3 1 -0.0722872571888241 0 -0.186252211814186
587 1 3 1 -0.0730689127921704 0 -0.185793285858761
589 1 3 1 -0.073858584715382 0 -0.18532855286508
591 1 3 1 -0.0746556731075462 0 -0.184858246196617
593 1 3 1 -0.0754595781177508 0 -0.184382599216848
595 1 3 1 -0.0762696998950831 0 -0.183901845289248
597 1 3 1 -0.0770854385886306 0 -0.18341621777729
599 1 3 1 -0.0779061943474808 0 -0.18292595004445
601 1 3 1 -0.0787313673207212 0 -0.182431275454204
603 1 3 1 -0.0795603576574393 0 -0.181932427370024
605 1 3 1 -0.0803925655067227 0 -0.181429639155388
607 1 3 1 -0.0812273910176587 0 -0.180923144173768
609 1 3 1 -0.0820642343393349 0 -0.180413175788641
611 1 3 1 -0.0829024956208388 0 -0.17989996736348
613 1 3 1 -0.0837415750112579 0 -0.179383752261762
615 1 3 1 -0.0845808726596796 0 -0.17886476384696
617 1 3 1 -0.0854197887151915 0 -0.178343235482549
619 1 3 1 -0.0862577233268811 0 -0.177819400532005
621 1 3 1 -0.0870940766438358 0 -0.177293492358801
623 1 3 1 -0.0879282488151431 0 -0.176765744326414
625 1 3 1 -0.0887596399898906 0 -0.176236389798318
627 1 3 1 -0.0895876503171658 0 -0.175705662137987
629 1 3 1 -0.090411679946056 0 -0.175173794708896
631 1 3 1 -0.0912311290256488 0 -0.174641020874521
633 1 3 1 -0.0920453977050318 0 -0.174107573998335
635 1 3 1 -0.0928538861332923 0 -0.173573687443815
637 1 3 1 -0.093655994459518 0 -0.173039594574434
639 1 3 1 -0.0944511228327962 0 -0.172505528753668
641 1 3 1 -0.0952386714022145 0 -0.171971723344991
643 1 3 1 -0.0960180403168604 0 -0.171438411711879
645 1 3 1 -0.0967886297258214 0 -0.170905827217805
647 1 3 1 -0.0975498397781849 0 -0.170374203226246
649 1 3 1 -0.0983010706230385 0 -0.169843773100675
651 1 3 1 -0.0990417224094696 0 -0.169314770204568
653 1 3 1 -0.0997711952865658 0 -0.168787427901399
655 1 3 1 -0.100488889403414 0 -0.168261979554643
657 1 3 1 -0.101194204909103 0 -0.167738658527775
659 1 3 1 -0.101886541952719 0 -0.16721769818427
661 1 3 1 -0.102565300683351 0 -0.166699331887603
663 1 3 1 -0.103229881250084 0 -0.166183793001248
665 1 3 1 -0.103879683802008 0 -0.165671314888681
667 1 3 1 -0.104514108488209 0 -0.165162130913376
669 1 3 1 -0.105132555457776 0 -0.164656474438808
671 1 3 1 -0.105734424859794 0 -0.164154578828451
673 1 3 1 -0.106319116843353 0 -0.163656677445782
675 1 3 1 -0.106886031557539 0 -0.163163003654274
677 1 3 1 -0.10743456915144 0 -0.162673790817402
679 1 3 1 -0.107964129774144 0 -0.162189272298641
681 1 3 1 -0.108474113574738 0 -0.161709681461466
683 1 3 1 -0.108963920702308 0 -0.161235251669353
685 1 3 1 -0.109432951305944 0 -0.160766216285774
687 1 3 1 -0.109880605534733 0 -0.160302808674207
689 1 3 1 -0.110306283537761 0 -0.159845262198124
691 1 3 1 -0.110709385464117 0 -0.159393810221002
693 1 3 1 -0.111089311462887 0 -0.158948686106314
695 1 3 1 -0.11144546168316 0 -0.158510123217537
697 1 3 1 -0.111777236274023 0 -0.158078354918144
699 1 3 1 -0.112084035384563 0 -0.15765361457161
701 1 3 1 -0.112365259163868 0 -0.157236135541411
703 1 3 1 -0.112620307761026 0 -0.156826151191021
705 1 3 1 -0.112848581325123 0 -0.156423894883915
707 1 3 1 -0.113049480005248 0 -0.156029599983567
709 1 3 1 -0.113222403950487 0 -0.155643499853454
711 1 3 1 -0.113366753309929 0 -0.155265827857048
713 1 3 1 -0.113481928232661 0 -0.154896817357826
715 1 3 1 -0.113567359745299 0 -0.154536686502682
717 1 3 1 -0.11362299752044 0 -0.154185397847521
719 1 3 1 -0.113649221586236 0 -0.153842701867167
721 1 3 1 -0.113646424997292 0 -0.153508342616946
723 1 3 1 -0.113615000808215 0 -0.153182064152189
725 1 3 1 -0.113555342073612 0 -0.152863610528222
727 1 3 1 -0.113467841848088 0 -0.152552725800375
729 1 3 1 -0.113352893186252 0 -0.152249154023975
731 1 3 1 -0.113210889142709 0 -0.151952639254351
733 1 3 1 -0.113042222772067 0 -0.151662925546832
735 1 3 1 -0.11284728712893 0 -0.151379756956745
737 1 3 1 -0.112626475267908 0 -0.151102877539418
739 1 3 1 -0.112380180243605 0 -0.150832031350181
741 1 3 1 -0.112108795110628 0 -0.150566962444362
743 1 3 1 -0.111812712923585 0 -0.150307414877288
745 1 3 1 -0.111492326737081 0 -0.150053132704288
747 1 3 1 -0.111148029605724 0 -0.149803859980691
749 1 3 1 -0.11078021458412 0 -0.149559340761824
751 1 3 1 -0.110389274726875 0 -0.149319319103016
753 1 3 1 -0.109975603088597 0 -0.149083539059596
755 1 3 1 -0.109539592723891 0 -0.148851744686891
757 1 3 1 -0.109081636687364 0 -0.14862368004023
759 1 3 1 -0.108602128033624 0 -0.148399089174941
761 1 3 1 -0.108101459817276 0 -0.148177716146353
763 1 3 1 -0.107580025092928 0 -0.147959305009794
765 1 3 1 -0.107038216915185 0 -0.147743599820592
767 1 3 1 -0.106476428338655 0 -0.147530344634075
769 1 3 1 -0.105895052417943 0 -0.147319283505572
771 1 3 1 -0.105294482207658 0 -0.147110160490411
773 1 3 1 -0.104675110762404 0 -0.146902719643921
775 1 3 1 -0.10403733113679 0 -0.146696705021429
777 1 3 1 -0.103381536385421 0 -0.146491860678264
779 1 3 1 -0.102708119562904 0 -0.146287930669755
781 1 3 1 -0.102017473723846 0 -0.146084659051229
783 1 3 1 -0.101309991922853 0 -0.145881789878015
785 1 3 1 -0.100586067214533 0 -0.145679067205441
787 1 3 1 -0.0998460926534902 0 -0.145476235088836
789 1 3 1 -0.0990904612943331 0 -0.145273037583528
791 1 3 1 -0.0983195661916677 0 -0.145069218744845
793 1 3 1 -0.0975338004001007 0 -0.144864522628115
795 1 3 1 -0.0967335569742388 0 -0.144658693288667
797 1 3 1 -0.0959192289686884 0 -0.144451474781829
799 1 3 1 -0.0950912094380562 0 -0.14424261116293
801 1 3 1 -0.0942498914369488 0 -0.144031846487297
803 1 3 1 -0.0933956680199729 0 -0.143818924810259
805 1 3 1 -0.092528932241735 0 -0.143603590187144
807 1 3 1 -0.0916500771568418 0 -0.143385586673282
809 1 3 1 -0.0907594958198998 0 -0.143164658323999
811 1 3 1 -0.0898575812855157 0 -0.142940549194624
813 1 3 1 -0.0889447266082961 0 -0.142713003340486
815 1 3 1 -0.0880213248428476 0 -0.142481764816912
817 1 3 1 -0.0870877690437768 0 -0.142246577679232
819 1 3 1 -0.0861444522656903 0 -0.142007185982773
821 1 3 1 -0.0851917675631947 0 -0.141763333782864
823 1 3 1 -0.0842301079908967 0 -0.141514765134833
825 1 3 1 -0.0832598666034028 0 -0.141261224094009
827 1 3 1 -0.0822814364553197 0 -0.141002454715719
829 1 3 1 -0.081295210601254 0 -0.140738201055292
831 1 3 1 -0.0803015820958122 0 -0.140468207168056
833 1 3 1 -0.0793009439936011 0 -0.14019221710934
835 1 3 1 -0.0782936893492271 0 -0.139909974934472
837 1 3 1 -0.0772802112172969 0 -0.139621224698781
839 1 3 1 -0.0762609026524172 0 -0.139325710457593
841 1 3 1 -0.0752361567091945 0 -0.139023176266239
843 1 3 1 -0.0742063664422354 0 -0.138713366180046
845 1 3 1 -0.0731719249061466 0 -0.138396024254342
847 1 3 1 -0.0721332251555347 0 -0.138070894544456
849 1 3 1 -0.0710906602450062 0 -0.137737721105716
851 1 3 1 -0.0700446232291678 0 -0.13739624799345
853 1 3 1 -0.0689955071626261 0 -0.137046219262987
855 1 3 1 -0.0679437050999877 0 -0.136687378969655
857 1 3 1 -0.0668896092074449 0 -0.136319473889673
859 1 3 1 -0.0658335342480871 0 -0.135942487856817
861 1 3 1 -0.0647756586133969 0 -0.135556822361511
863 1 3 1 -0.0637161468133821 0 -0.135162921408086
865 1 3 1 -0.0626551633580505 0 -0.134761229000874
867 1 3 1 -0.06159287275741 0 -0.134352189144208
869 1 3 1 -0.0605294395214683 0 -0.133936245842419
871 1 3 1 -0.0594650281602334 0 -0.13351384309984
873 1 3 1 -0.058399803183713 0 -0.133085424920802
875 1 3 1 -0.057333929101915 0 -0.132651435309639
877 1 3 1 -0.0562675704248472 0 -0.132212318270681
879 1 3 1 -0.0552008916625174 0 -0.13176851780826
881 1 3 1 -0.0541340573249335 0 -0.13132047792671
883 1 3 1 -0.0530672319221033 0 -0.130868642630362
885 1 3 1 -0.0520005799640347 0 -0.130413455923547
887 1 3 1 -0.0509342659607354 0 -0.129955361810599
889 1 3 1 -0.0498684544222133 0 -0.129494804295848
891 1 3 1 -0.0488033098584762 0 -0.129032227383628
893 1 3 1 -0.0477389967795319 0 -0.12856807507827
895 1 3 1 -0.0466756796953884 0 -0.128102791384106
897 1 3 1 -0.0456135231160533 0 -0.127636820305468
899 1 3 1 -0.0445526915515346 0 -0.127170605846689
901 1 3 1 -0.0434933495118401 0 -0.1267045920121
903 1 3 1 -0.0424356615069776 0 -0.126239222806034
905 1 3 1 -0.0413797920469549 0 -0.125774942232822
907 1 3 1 -0.0403259056417798 0 -0.125312194296797
909 1 3 1 -0.0392741668014603 0 -0.12485142300229
911 1 3 1 -0.0382247400360041 0 -0.124393072353634
913 1 3 1 -0.037177789855419 0 -0.12393758635516
915 1 3 1 -0.036133480769713 0 -0.123485409011202
917 1 3 1 -0.0350919772888937 0 -0.12303698432609
919 1 3 1 -0.0340534439229691 0 -0.122592756304157
921 1 3 1 -0.033018045181947 0 -0.122153168949736
923 1 3 1 -0.0319859455758352 0 -0.121718666267157
925 1 3 1 -0.0309573096146415 0 -0.121289692260753
927 1 3 1 -0.0299323018083738 0 -0.120866690934856
929 1 3 1 -0.0289110866670399 0 -0.120450106293799
931 1 3 1 -0.0278938287006476 0 -0.120040382341912
933 1 3 1 -0.0268806924192048 0 -0.119637963083529
935 1 3 1 -0.0258718423327193 0 -0.119243292522981
937 1 3 1 -0.0248674429511988 0 -0.118856814664601
939 1 3 1 -0.0238676587846514 0 -0.11847897351272
941 1 3 1 -0.0228726543430847 0 -0.118110213071671
943 1 3 1 -0.0218825941365067 0 -0.117750977345785
945 1 3 1 -0.0208976426749251 0 -0.117401710339394
947 1 3 1 -0.0199179644683478 0 -0.117062856056832
949 1 3 1 -0.0189437240267825 0 -0.116734858502429
951 1 3 1 -0.0179750858602372 0 -0.116418161680517
953 1 3 1 -0.0170122144787197 0 -0.11611320959543
955 1 3 1 -0.0160552743922378 0 -0.115820446251498
957 1 3 1 -0.0151044301107992 0 -0.115540315653055
959 1 3 1 -0.014159846144412 0 -0.115273261804431
961 1 3 1 -0.0132216870030838 0 -0.11501972870996
963 1 3 1 -0.0122901171968226 0 -0.114780160373972
965 1 3 1 -0.0113653012356361 0 -0.114555000800801
967 1 3 1 -0.0104474036295321 0 -0.114344693994778
969 1 3 1 -0.00953658888851863 0 -0.114149683960235
971 1 3 1 -0.00863302152260335 0 -0.113970414701504
973 1 3 1 -0.00773686604179414 0 -0.113807330222918
975 1 3 1 -0.00684828695609885 0 -0.113660874528808
977 1 3 1 -0.00596744877552527 0 -0.113531491623506
979 1 3 1 -0.00509451601008125 0 -0.113419625511346
981 1 3 1 -0.00422965316977463 0 -0.113325720196657
983 1 3 1 -0.00337302476461323 0 -0.113250219683774
985 1 3 1 -0.00252479530460488 0 -0.113193567977027
987 1 3 1 -0.00168512929975743 0 -0.113156209080748
989 1 3 1 -0.000854191260078679 0 -0.113138586999271
991 1 3 1 -3.21456955764745e-05 0 -0.113141145736926
993 1 3 1 0.000780842883741357 0 -0.113164329298046
995 1 3 1 0.00158460996786698 0 -0.113208581686964
997 1 3 1 0.00237899104679256 0 -0.11327434690801
1000 1 3 1 0.0031638216105103 0 -0.113362068965517
0 2 3 1 0.0031638216105103 0 -0.113362068965517
2 2 3 1 0.00393896448116868 0 -0.113472050760234
4 2 3 1 0.00470439180954166 0 -0.113604030778575
6 2 3 1 0.00546010307855954 0 -0.113757606403371
8 2 3 1 0.00620609777115263 0 -0.113932375017452
10 2 3 1 0.00694237537025121 0 -0.11412793400365
12 2 3 1 0.00766893535878559 0 -0.114343880744795
14 2 3 1 0.00838577721968607 0 -0.114579812623718
16 2 3 1 0.00909290043588295 0 -0.114835327023251
18 2 3 1 0.00979030449030651 0 -0.115110021326223
20 2 3 1 0.0104779888658871 0 -0.115403492915466
22 2 3 1 0.0111559530455549 0 -0.11571533917381
24 2 3 1 0.0118241965122404 0 -0.116045157484087
26 2 3 1 0.0124827187488737 0 -0.116392545229127
28 2 3 1 0.0131315192383852 0 -0.116757099791762
30 2 3 1 0.0137705974637053 0 -0.117138418554821
32 2 3 1 0.0143999529077641 0 -0.117536098901136
34 2 3 1 0.0150195850534919 0 -0.117949738213538
36 2 3 1 0.0156294933838192 0 -0.118378933874857
38 2 3 1 0.0162296773816762 0 -0.118823283267924
40 2 3 1 0.0168201365299931 0 -0.119282383775571
42 2 3 1 0.0174008703117003 0 -0.119755832780627
44 2 3 1 0.0179718782097281 0 -0.120243227665925
46 2 3 1 0.0185331597070068 0 -0.120744165814294
48 2 3 1 0.0190847142864667 0 -0.121258244608565
50 2 3 1 0.019626541431038 0 -0.121785061431571
52 2 3 1 0.0201586406236511 0 -0.12232421366614
54 2 3 1 0.0206810113472363 0 -0.122875298695104
56 2 3 1 0.0211936530847239 0 -0.123437913901294
58 2 3 1 0.0216965653190441 0 -0.124011656667541
60 2 3 1 0.0221897475331273 0 -0.124596124376676
62 2 3 1 0.0226731992099038 0 -0.125190914411529
64 2 3 1 0.0231469198323038 0 -0.125795624154931
66 2 3 1 0.0236109088832577 0 -0.126409850989714
68 2 3 1 0.0240651658456958 0 -0.127033192298707
70 2 3 1 0.0245096902025484 0 -0.127665245464743
72 2 3 1 0.0249444814367457 0 -0.128305607870651
74 2 3 1 0.0253695390312181 0 -0.128953876899262
76 2 3 1 0.0257848624688958 0 -0.129609649933408
78 2 3 1 0.0261904512327092 0 -0.130272524355919
80 2 3 1 0.0265863048055886 0 -0.130942097549626
82 2 3 1 0.0269724226704642 0 -0.13161796689736
84 2 3 1 0.0273488043102664 0 -0.132299729781952
86 2 3 1 0.0277154492079254 0 -0.132986983586232
88 2 3 1 0.0280723568463716 0 -0.133679325693032
90 2 3 1 0.0284195267085352 0 -0.134376353485182
92 2 3 1 0.0287569582773466 0 -0.135077664345513
94 2 3 1 0.0290846510357361 0 -0.135782855656856
96 2 3 1 0.0294026044666339 0 -0.136491524802042
98 2 3 1 0.0297108180529704 0 -0.137203269163901
100 2 3 1 0.0300092912776758 0 -0.137917686125265
102 2 3 1 0.0302980236236804 0 -0.138634373068965
104 2 3 1 0.0305770145739147 0 -0.13935292737783
106 2 3 1 0.0308462636113087 0 -0.140072946434693
108 2 3 1 0.0311057702187929 0 -0.140794027622383
110 2 3 1 0.0313555338792975 0 -0.141515768323732
112 2 3 1 0.0315955540757529 0 -0.142237765921571
114 2 3 1 0.0318258302910894 0 -0.14295961779873
116 2 3 1 0.0320463620082371 0 -0.14368092133804
118 2 3 1 0.0322571487101265 0 -0.144401273922333
120 2 3 1 0.0324581898796879 0 -0.145120272934438
122 2 3 1 0.0326494849998515 0 -0.145837515757187
124 2 3 1 0.0328310335535476 0 -0.146552599773411
126 2 3 1 0.0330028350237066 0 -0.14726512236594
128 2 3 1 0.0331648888932587 0 -0.147974680917606
130 2 3 1 0.0333171946451342 0 -0.148680872811238
132 2 3 1 0.0334597517622634 0 -0.149383295429669
134 2 3 1 0.0335925597275767 0 -0.150081546155728
136 2 3 1 0.0337156180240044 0 -0.150775222372248
138 2 3 1 0.0338289261344766 0 -0.151463921462057
140 2 3 1 0.0339324835419238 0 -0.152147240807988
142 2 3 1 0.0340262897292762 0 -0.152824777792872
144 2 3 1 0.0341103452118289 0 -0.153496156803297
146 2 3 1 0.034184660646829 0 -0.154161267510778
148 2 3 1 0.0342492524479895 0 -0.154820150159788
150 2 3 1 0.034304137095095 0 -0.155472846723039
152 2 3 1 0.0343493310679299 0 -0.156119399173245
154 2 3 1 0.0343848508462788 0 -0.156759849483119
156 2 3 1 0.0344107129099261 0 -0.157394239625374
158 2 3 1 0.0344269337386564 0 -0.158022611572723
160 2 3 1 0.0344335298122542 0 -0.158645007297879
162 2 3 1 0.0344305176105038 0 -0.159261468773555
164 2 3 1 0.03441791361319 0 -0.159872037972464
166 2 3 1 0.034395734300097 0 -0.16047675686732
168 2 3 1 0.0343639961510095 0 -0.161075667430835
170 2 3 1 0.0343227156457119 0 -0.161668811635723
172 2 3 1 0.0342719092639888 0 -0.162256231454696
174 2 3 1 0.0342115934856245 0 -0.162837968860468
176 2 3 1 0.0341417847904037 0 -0.163414065825752
178 2 3 1 0.0340624996581108 0 -0.16398456432326
180 2 3 1 0.0339737545685304 0 -0.164549506325707
182 2 3 1 0.0338755660014468 0 -0.165108933805804
184 2 3 1 0.0337679504366446 0 -0.165662888736266
186 2 3 1 0.0336509243539084 0 -0.166211413089805
188 2 3 1 0.0335245042330225 0 -0.166754548839134
190 2 3 1 0.0333887065537716 0 -0.167292337956966
192 2 3 1 0.0332435477959401 0 -0.167824822416015
194 2 3 1 0.0330890444393124 0 -0.168352044188993
196 2 3 1 0.0329252129636732 0 -0.168874045248614
198 2 3 1 0.0327520698488068 0 -0.16939086756759
200 2 3 1 0.0325696315744978 0 -0.169902553118636
202 2 3 1 0.0323779146205307 0 -0.170409143874463
204 2 3 1 0.03217693546669 0 -0.170910681807785
206 2 3 1 0.0319667105927601 0 -0.171407208891315
208 2 3 1 0.0317472564785257 0 -0.171898767097766
210 2 3 1 0.0315185896037711 0 -0.172385398399852
212 2 3 1 0.0312807264482808 0 -0.172867144770284
214 2 3 1 0.0310336834918395 0 -0.173344048181777
216 2 3 1 0.0307774772142315 0 -0.173816150607044
218 2 3 1 0.0305121240952413 0 -0.174283494018796
220 2 3 1 0.0302376406146535 0 -0.174746120389749
222 2 3 1 0.0299540432522526 0 -0.175204071692614
224 2 3 1 0.029661348487823 0 -0.175657389900105
226 2 3 1 0.0293595728011493 0 -0.176106116984935
228 2 3 1 0.0290487326720159 0 -0.176550294919816
230 2 3 1 0.0287288445802073 0 -0.176989965677463
232 2 3 1 0.0283999250055081 0 -0.177425171230588
234 2 3 1 0.0280619904277027 0 -0.177855953551904
236 2 3 1 0.0277150573265757 0 -0.178282354614124
238 2 3 1 0.0273591421819115 0 -0.178704416389961
240 2 3 1 0.0269942614734946 0 -0.179122180852129
242 2 3 1 0.0266204316811095 0 -0.179535689973341
244 2 3 1 0.0262376692845408 0 -0.179944985726309
246 2 3 1 0.0258459907635729 0 -0.180350110083747
248 2 3 1 0.0254454125979902 0 -0.180751105018367
250 2 3 1 0.0250359512675774 0 -0.181148012502883
252 2 3 1 0.0246176232521189 0 -0.181540874510009
254 2 3 1 0.0241904450313993 0 -0.181929733012456
256 2 3 1 0.0237544330852029 0 -0.182314629982938
258 2 3 1 0.0233096038933143 0 -0.182695607394169
260 2 3 1 0.022855973935518 0 -0.183072707218861
262 2 3 1 0.0223935596915985 0 -0.183445971429727
264 2 3 1 0.0219223776413403 0 -0.18381544199948
266 2 3 1 0.0214424442645279 0 -0.184181160900834
268 2 3 1 0.0209537760409457 0 -0.184543170106502
270 2 3 1 0.0204563894503784 0 -0.184901511589196
272 2 3 1 0.0199503009726103 0 -0.18525622732163
274 2 3 1 0.019435527087426 0 -0.185607359276517
276 2 3 1 0.01891208427461 0 -0.18595494942657
278 2 3 1 0.0183799890139467 0 -0.186299039744502
280 2 3 1 0.0178392577852207 0 -0.186639672203026
282 2 3 1 0.0172899070682165 0 -0.186976888774855
284 2 3 1 0.0167319533427186 0 -0.187310731432703
286 2 3 1 0.0161654160575138 0 -0.187641241306203
288 2 3 1 0.0155904127484326 0 -0.1879684316722
290 2 3 1 0.0150071791615874 0 -0.188292282240546
292 2 3 1 0.0144159580807262 0 -0.188612770722689
294 2 3 1 0.0138169922895968 0 -0.188929874830078
296 2 3 1 0.0132105245719472 0 -0.189243572274159
298 2 3 1 0.0125967977115253 0 -0.189553840766381
300 2 3 1 0.011976054492079 0 -0.189860658018191
302 2 3 1 0.0113485376973561 0 -0.190164001741036
304 2 3 1 0.0107144901111046 0 -0.190463849646365
306 2 3 1 0.0100741545170725 0 -0.190760179445625
308 2 3 1 0.00942777369900753 0 -0.191052968850264
310 2 3 1 0.00877559044065767 0 -0.191342195571729
312 2 3 1 0.00811784752577082 0 -0.191627837321468
314 2 3 1 0.00745478773809489 0 -0.191909871810928
316 2 3 1 0.00678665386137778 0 -0.192188276751558
318 2 3 1 0.00611368867936741 0 -0.192463029854806
320 2 3 1 0.00543613497581167 0 -0.192734108832117
322 2 3 1 0.00475423553445847 0 -0.193001491394941
324 2 3 1 0.00406823313905572 0 -0.193265155254725
326 2 3 1 0.00337837057335132 0 -0.193525078122917
328 2 3 1 0.00268489062109318 0 -0.193781237710964
330 2 3 1 0.0019880360660292 0 -0.194033611730314
332 2 3 1 0.0012880496919073 0 -0.194282177892415
334 2 3 1 0.000585174282475366 0 -0.194526913908714
336 2 3 1 -0.000120347378518684 0 -0.194767797490659
338 2 3 1 -0.000828272507326947 0 -0.195004806349697
340 2 3 1 -0.00153835832020152 0 -0.195237918197277
342 2 3 1 -0.00225036203339449 0 -0.195467110744846
344 2 3 1 -0.00296404086315795 0 -0.195692361703851
346 2 3 1 -0.00367915202574401 0 -0.195913648785741
348 2 3 1 -0.00439545273740476 0 -0.196130949701963
350 2 3 1 -0.00511270021439228 0 -0.196344242163964
352 2 3 1 -0.00583065167295868 0 -0.196553503883192
354 2 3 1 -0.00654906432935604 0 -0.196758712571096
356 2 3 1 -0.00726769539983646 0 -0.196959845939121
358 2 3 1 -0.00798630210065204 0 -0.197156881698717
360 2 3 1 -0.00870464164805487 0 -0.197349797561331
362 2 3 1 -0.00942247125829703 0 -0.197538571238411
364 2 3 1 -0.0101395481476306 0 -0.197723180441404
366 2 3 1 -0.0108556295323078 0 -0.197903602881757
368 2 3 1 -0.0115704726285806 0 -0.198079816270919
370 2 3 1 -0.0122838346527011 0 -0.198251798320338
372 2 3 1 -0.0129954728209214 0 -0.19841952674146
374 2 3 1 -0.0137051443494936 0 -0.198582979245734
376 2 3 1 -0.0144126064546698 0 -0.198742133544607
378 2 3 1 -0.0151176163527022 0 -0.198896967349526
380 2 3 1 -0.0158199312598427 0 -0.199047458371941
382 2 3 1 -0.0165193083923435 0 -0.199193584323297
384 2 3 1 -0.0172155049664567 0 -0.199335322915043
386 2 3 1 -0.0179082781984343 0 -0.199472651858627
388 2 3 1 -0.0185973853045286 0 -0.199605548865496
390 2 3 1 -0.0192825835009915 0 -0.199733991647097
392 2 3 1 -0.0199636300040751 0 -0.199857957914879
394 2 3 1 -0.0206402820300317 0 -0.199977425380289
396 2 3 1 -0.0213122967951131 0 -0.200092371754775
398 2 3 1 -0.0219794315155716 0 -0.200202774749785
400 2 3 1 -0.0226414434076593 0 -0.200308612076765
402 2 3 1 -0.0232980896876282 0 -0.200409861447165
404 2 3 1 -0.0239491275717303 0 -0.20050650057243
406 2 3 1 -0.024594314276218 0 -0.20059850716401
408 2 3 1 -0.0252334070173431 0 -0.200685858933352
410 2 3 1 -0.0258661630113578 0 -0.200768533591902
412 2 3 1 -0.0264923394745143 0 -0.200846508851111
414 2 3 1 -0.0271116936230645 0 -0.200919762422423
416 2 3 1 -0.0277239826732606 0 -0.200988272017288
418 2 3 1 -0.0283289638413547 0 -0.201052015347154
420 2 3 1 -0.0289263943435989 0 -0.201110970123466
422 2 3 1 -0.0295160313962453 0 -0.201165114057675
424 2 3 1 -0.0300976322155459 0 -0.201214424861226
426 2 3 1 -0.0306709540177529 0 -0.201258880245568
428 2 3 1 -0.0312357542833635 0 -0.201298457914276
430 2 3 1 -0.0317919247294087 0 -0.201333131571702
432 2 3 1 -0.0323397093116978 0 -0.201362864428177
434 2 3 1 -0.0328794090629917 0 -0.201387617993574
436 2 3 1 -0.0334113250160512 0 -0.201407353777766
438 2 3 1 -0.0339357582036369 0 -0.201422033290626
440 2 3 1 -0.0344530096585096 0 -0.201431618042028
442 2 3 1 -0.0349633804134302 0 -0.201436069541844
444 2 3 1 -0.0354671715011594 0 -0.201435349299949
446 2 3 1 -0.0359646839544579 0 -0.201429418826214
448 2 3 1 -0.0364562188060866 0 -0.201418239630514
450 2 3 1 -0.0369420770888061 0 -0.201401773222721
452 2 3 1 -0.0374225598353773 0 -0.201379981112709
454 2 3 1 -0.037897968078561 0 -0.201352824810351
456 2 3 1 -0.0383686028511178 0 -0.201320265825521
458 2 3 1 -0.0388347651858086 0 -0.201282265668091
460 2 3 1 -0.0392967561153941 0 -0.201238785847934
462 2 3 1 -0.0397548766726351 0 -0.201189787874925
464 2 3 1 -0.0402094278902924 0 -0.201135233258935
466 2 3 1 -0.0406607108011267 0 -0.201075083509839
468 2 3 1 -0.0411090264378988 0 -0.20100930013751
470 2 3 1 -0.0415546758333695 0 -0.20093784465182
472 2 3 1 -0.0419979600202995 0 -0.200860678562643
474 2 3 1 -0.0424391800314496 0 -0.200777763379852
476 2 3 1 -0.0428786368995805 0 -0.200689060613321
478 2 3 1 -0.0433166316574531 0 -0.200594531772923
480 2 3 1 -0.0437534653378281 0 -0.20049413836853
482 2 3 1 -0.0441894389734663 0 -0.200387841910017
484 2 3 1 -0.0446248535971284 0 -0.200275603907255
486 2 3 1 -0.0450600102415752 0 -0.20015738587012
488 2 3 1 -0.0454952099395675 0 -0.200033149308483
490 2 3 1 -0.045930753723866 0 -0.199902855732218
492 2 3 1 -0.0463669426272315 0 -0.199766466651198
494 2 3 1 -0.0468040776824248 0 -0.199623943575297
496 2 3 1 -0.0472424599222067 0 -0.199475248014387
498 2 3 1 -0.0476823903793378 0 -0.199320341478342
501 2 3 1 -0.048124170086579 0 -0.199159185477035
503 2 3 1 -0.0485681000766911 0 -0.19899174152034
505 2 3 1 -0.0490144813824348 0 -0.198817971118129
507 2 3 1 -0.0494636150365708 0 -0.198637835780275
509 2 3 1 -0.04991580207186 0 -0.198451297016653
511 2 3 1 -0.0503713435210631 0 -0.198258316337135
513 2 3 1 -0.0508305404169409 0 -0.198058855251594
515 2 3 1 -0.0512936937922541 0 -0.197852875269904
517 2 3 1 -0.0517611046797635 0 -0.197640337901938
519 2 3 1 -0.0522330741122299 0 -0.197421204657568
521 2 3 1 -0.0527099031224141 0 -0.197195437046669
523 2 3 1 -0.0531918927430768 0 -0.196962996579114
525 2 3 1 -0.0536793440069788 0 -0.196723844764775
527 2 3 1 -0.0541725579468808 0 -0.196477943113526
529 2 3 1 -0.0546718355955436 0 -0.19622525313524
531 2 3 1 -0.055177477985728 0 -0.195965736339791
533 2 3 1 -0.0556897861501948 0 -0.195699354237051
535 2 3 1 -0.0562090611217047 0 -0.195426068336894
537 2 3 1 -0.0567356039330184 0 -0.195145840149193
539 2 3 1 -0.0572697156168968 0 -0.194858631183821
541 2 3 1 -0.0578116972061007 0 -0.194564402950652
543 2 3 1 -0.0583618497333907 0 -0.194263116959558
545 2 3 1 -0.0589204742315277 0 -0.193954734720414
547 2 3 1 -0.0594878717332724 0 -0.193639217743091
549 2 3 1 -0.0600643432713856 0 -0.193316527537464
551 2 3 1 -0.0606501898786281 0 -0.192986625613405
553 2 3 1 -0.0612457125877606 0 -0.192649473480788
555 2 3 1 -0.0618512124315438 0 -0.192305032649487
557 2 3 1 -0.0624669904427387 0 -0.191953264629373
559 2 3 1 -0.0630933476541058 0 -0.191594130930321
561 2 3 1 -0.0637305850984061 0 -0.191227593062203
563 2 3 1 -0.0643790038084002 0 -0.190853612534893
565 2 3 1 -0.065038904816849 0 -0.190472150858265
567 2 3 1 -0.0657105891565131 0 -0.190083169542191
569 2 3 1 -0.0663943578601534 0 -0.189686630096544
571 2 3 1 -0.0670905119605306 0 -0.189282494031198
573 2 3 1 -0.0677992579370171 0 -0.188870751388765
575 2 3 1 -0.0685202187520092 0 -0.188451568295849
577 2 3 1 -0.0692527949923417 0 -0.188025177983827
579 2 3 1 -0.0699963868071019 0 -0.187591813816176
581 2 3 1 -0.0707503943453773 0 -0.187151709156368
583 2 3 1 -0.0715142177562556 0 -0.18670509736788
585 2 3 1 -0.0722872571888241 0 -0.186252211814186
587 2 3 1 -0.0730689127921704 0 -0.185793285858761
589 2 3 1 -0.073858584715382 0 -0.18532855286508
591 2 3 1 -0.0746556731075462 0 -0.184858246196617
593 2 3 1 -0.0754595781177508 0 -0.184382599216848
595 2 3 1 -0.0762696998950831 0 -0.183901845289248
597 2 3 1 -0.0770854385886306 0 -0.18341621777729
599 2 3 1 -0.0779061943474808 0 -0.18292595004445
601 2 3 1 -0.0787313673207212 0 -0.182431275454204
603 2 3 1 -0.0795603576574393 0 -0.181932427370024
605 2 3 1 -0.0803925655067227 0 -0.181429639155388
607 2 3 1 -0.0812273910176587 0 -0.180923144173768
609 2 3 1 -0.0820642343393349 0 -0.180413175788641
611 2 3 1 -0.0829024956208388 0 -0.17989996736348
613 2 3 1 -0.0837415750112579 0 -0.179383752261762
615 2 3 1 -0.0845808726596796 0 -0.17886476384696
617 2 3 1 -0.0854197887151915 0 -0.178343235482549
619 2 3 1 -0.0862577233268811 0 -0.177819400532005
621 2 3 1 -0.0870940766438358 0 -0.177293492358801
623 2 3 1 -0.0879282488151431 0 -0.176765744326414
625 2 3 1 -0.0887596399898906 0 -0.176236389798318
627 2 3 1 -0.0895876503171658 0 -0.175705662137987
629 2 3 1 -0.090411679946056 0 -0.175173794708896
631 2 3 1 -0.0912311290256488 0 -0.174641020874521
633 2 3 1 -0.0920453977050318 0 -0.174107573998335
635 2 3 1 -0.0928538861332923 0 -0.173573687443815
637 2 3 1 -0.093655994459518 0 -0.173039594574434
639 2 3 1 -0.0944511228327962 0 -0.172505528753668
641 2 3 1 -0.0952386714022145 0 -0.171971723344991
643 2 3 1 -0.0960180403168604 0 -0.171438411711879
645 2 3 1 -0.0967886297258214 0 -0.170905827217805
647 2 3 1 -0.0975498397781849 0 -0.170374203226246
649 2 3 1 -0.0983010706230385 0 -0.169843773100675
651 2 3 1 -0.0990417224094696 0 -0.169314770204568
653 2 3 1 -0.0997711952865658 0 -0.168787427901399
655 2 3 1 -0.100488889403414 0 -0.168261979554643
657 2 3 1 -0.101194204909103 0 -0.167738658527775
659 2 3 1 -0.101886541952719 0 -0.16721769818427
661 2 3 1 -0.102565300683351 0 -0.166699331887603
663 2 3 1 -0.103229881250084 0 -0.166183793001248
665 2 3 1 -0.103879683802008 0 -0.165671314888681
667 2 3 1 -0.104514108488209 0 -0.165162130913376
669 2 3 1 -0.105132555457776 0 -0.164656474438808
671 2 3 1 -0.105734424859794 0 -0.164154578828451
673 2 3 1 -0.106319116843353 0 -0.163656677445782
675 2 3 1 -0.106886031557539 0 -0.163163003654274
677 2 3 1 -0.10743456915144 0 -0.162673790817402
679 2 3 1 -0.107964129774144 0 -0.162189272298641
681 2 3 1 -0.108474113574738 0 -0.161709681461466
683 2 3 1 -0.108963920702308 0 -0.161235251669353
685 2 3 1 -0.109432951305944 0 -0.160766216285774
687 2 3 1 -0.109880605534733 0 -0.160302808674207
689 2 3 1 -0.110306283537761 0 -0.159845262198124
691 2 3 1 -0.110709385464117 0 -0.159393810221002
693 2 3 1 -0.111089311462887 0 -0.158948686106314
695 2 3 1 -0.11144546168316 0 -0.158510123217537
697 2 3 1 -0.111777236274023 0 -0.158078354918144
699 2 3 1 -0.112084035384563 0 -0.15765361457161
701 2 3 1 -0.112365259163868 0 -0.157236135541411
703 2 3 1 -0.112620307761026 0 -0.156826151191021
705 2 3 1 -0.112848581325123 0 -0.156423894883915
707 2 3 1 -0.113049480005248 0 -0.156029599983567
709 2 3 1 -0.113222403950487 0 -0.155643499853454
711 2 3 1 -0.113366753309929 0 -0.155265827857048
713 2 3 1 -0.113481928232661 0 -0.154896817357826
715 2 3 1 -0.113567359745299 0 -0.154536686502682
717 2 3 1 -0.11362299752044 0 -0.154185397847521
719 2 3 1 -0.113649221586236 0 -0.153842701867167
721 2 3 1 -0.113646424997292 0 -0.153508342616946
723 2 3 1 -0.113615000808215 0 -0.153182064152189
725 2 3 1 -0.113555342073612 0 -0.152863610528222
727 2 3 1 -0.113467841848088 0 -0.152552725800375
729 2 3 1 -0.113352893186252 0 -0.152249154023975
731 2 3 1 -0.113210889142709 0 -0.151952639254351
733 2 3 1 -0.113042222772067 0 -0.151662925546832
735 2 3 1 -0.11284728712893 0 -0.151379756956745
737 2 3 1 -0.112626475267908 0 -0.151102877539418
739 2 3 1 -0.112380180243605 0 -0.150832031350181
741 2 3 1 -0.112108795110628 0 -0.150566962444362
743 2 3 1 -0.111812712923585 0 -0.150307414877288
745 2 3 1 -0.111492326737081 0 -0.150053132704288
747 2 3 1 -0.111148029605724 0 -0.149803859980691
749 2 3 1 -0.11078021458412 0 -0.149559340761824
751 2 3 1 -0.110389274726875 0 -0.149319319103016
753 2 3 1 -0.109975603088597 0 -0.149083539059596
755 2 3 1 -0.109539592723891 0 -0.148851744686891
757 2 3 1 -0.109081636687364 0 -0.14862368004023
759 2 3 1 -0.108602128033624 0 -0.148399089174941
761 2 3 1 -0.108101459817276 0 -0.148177716146353
763 2 3 1 -0.107580025092928 0 -0.147959305009794
765 2 3 1 -0.107038216915185 0 -0.147743599820592
767 2 3 1 -0.106476428338655 0 -0.147530344634075
769 2 3 1 -0.105895052417943 0 -0.147319283505572
771 2 3 1 -0.105294482207658 0 -0.147110160490411
773 2 3 1 -0.104675110762404 0 -0.146902719643921
775 2 3 1 -0.10403733113679 0 -0.146696705021429
777 2 3 1 -0.103381536385421 0 -0.146491860678264
779 2 3 1 -0.102708119562904 0 -0.146287930669755
781 2 3 1 -0.102017473723846 0 -0.146084659051229
783 2 3 1 -0.101309991922853 0 -0.145881789878015
785 2 3 1 -0.100586067214533 0 -0.145679067205441
787 2 3 1 -0.0998460926534902 0 -0.145476235088836
789 2 3 1 -0.0990904612943331 0 -0.145273037583528
791 2 3 1 -0.0983195661916677 0 -0.145069218744845
793 2 3 1 -0.0975338004001007 0 -0.144864522628115
795 2 3 1 -0.0967335569742388 0 -0.144658693288667
797 2 3 1 -0.0959192289686884 0 -0.144451474781829
799 2 3 1 -0.0950912094380562 0 -0.14424261116293
801 2 3 1 -0.0942498914369488 0 -0.144031846487297
803 2 3 1 -0.0933956680199729 0 -0.143818924810259
805 2 3 1 -0.092528932241735 0 -0.143603590187144
807 2 3 1 -0.0916500771568418 0 -0.143385586673282
809 2 3 1 -0.0907594958198998 0 -0.143164658323999
811 2 3 1 -0.0898575812855157 0 -0.142940549194624
813 2 3 1 -0.0889447266082961 0 -0.142713003340486
815 2 3 1 -0.0880213248428476 0 -0.142481764816912
817 2 3 1 -0.0870877690437768 0 -0.142246577679232
819 2 3 1 -0.0861444522656903 0 -0.142007185982773
821 2 3 1 -0.0851917675631947 0 -0.141763333782864
823 2 3 1 -0.0842301079908967 0 -0.141514765134833
825 2 3 1 -0.0832598666034028 0 -0.141261224094009
827 2 3 1 -0.0822814364553197 0 -0.141002454715719
829 2 3 1 -0.081295210601254 0 -0.140738201055292
831 2 3 1 -0.0803015820958122 0 -0.140468207168056
833 2 3 1 -0.0793009439936011 0 -0.14019221710934
835 2 3 1 -0.0782936893492271 0 -0.139909974934472
837 2 3 1 -0.0772802112172969 0 -0.139621224698781
839 2 3 1 -0.0762609026524172 0 -0.139325710457593
841 2 3 1 -0.0752361567091945 0 -0.139023176266239
843 2 3 1 -0.0742063664422354 0 -0.138713366180046
845 2 3 1 -0.0731719249061466 0 -0.138396024254342
847 2 3 1 -0.0721332251555347 0 -0.138070894544456
849 2 3 1 -0.0710906602450062 0 -0.137737721105716
851 2 3 1 -0.0700446232291678 0 -0.13739624799345
853 2 3 1 -0.0689955071626261 0 -0.137046219262987
855 2 3 1 -0.0679437050999877 0 -0.136687378969655
857 2 3 1 -0.0668896092074449 0 -0.136319473889673
859 2 3 1 -0.0658335342480871 0 -0.135942487856817
861 2 3 1 -0.0647756586133969 0 -0.135556822361511
863 2 3 1 -0.0637161468133821 0 -0.135162921408086
865 2 3 1 -0.0626551633580505 0 -0.134761229000874
867 2 3 1 -0.06159287275741 0 -0.134352189144208
869 2 3 1 -0.0605294395214683 0 -0.133936245842419
871 2 3 1 -0.0594650281602334 0 -0.13351384309984
873 2 3 1 -0.058399803183713 0 -0.133085424920802
875 2 3 1 -0.057333929101915 0 -0.132651435309639
877 2 3 1 -0.0562675704248472 0 -0.132212318270681
879 2 3 1 -0.0552008916625174 0 -0.13176851780826
881 2 3 1 -0.0541340573249335 0 -0.13132047792671
883 2 3 1 -0.0530672319221033 0 -0.130868642630362
885 2 3 1 -0.0520005799640347 0 -0.130413455923547
887 2 3 1 -0.0509342659607354 0 -0.129955361810599
889 2 3 1 -0.0498684544222133 0 -0.129494804295848
891 2 3 1 -0.0488033098584762 0 -0.129032227383628
893 2 3 1 -0.0477389967795319 0 -0.12856807507827
895 2 3 1 -0.0466756796953884 0 -0.128102791384106
897 2 3 1 -0.0456135231160533 0 -0.127636820305468
899 2 3 1 -0.0445526915515346 0 -0.127170605846689
901 2 3 1 -0.0434933495118401 0 -0.1267045920121
903 2 3 1 -0.0424356615069776 0 -0.126239222806034
905 2 3 1 -0.0413797920469549 0 -0.125774942232822
907 2 3 1 -0.0403259056417798 0 -0.125312194296797
909 2 3 1 -0.0392741668014603 0 -0.12485142300229
911 2 3 1 -0.0382247400360041 0 -0.124393072353634
913 2 3 1 -0.037177789855419 0 -0.12393758635516
915 2 3 1 -0.036133480769713 0 -0.123485409011202
917 2 3 1 -0.0350919772888937 0 -0.12303698432609
919 2 3 1 -0.0340534439229691 0 -0.122592756304157
921 2 3 1 -0.033018045181947 0 -0.122153168949736
923 2 3 1 -0.0319859455758352 0 -0.121718666267157
925 2 3 1 -0.0309573096146415 0 -0.121289692260753
927 2 3 1 -0.0299323018083738 0 -0.120866690934856
929 2 3 1 -0.0289110866670399 0 -0.120450106293799
931 2 3 1 -0.0278938287006476 0 -0.120040382341912
933 2 3 1 -0.0268806924192048 0 -0.119637963083529
935 2 3 1 -0.0258718423327193 0 -0.119243292522981
937 2 3 1 -0.0248674429511988 0 -0.118856814664601
939 2 3 1 -0.0238676587846514 0 -0.11847897351272
941 2 3 1 -0.0228726543430847 0 -0.118110213071671
943 2 3 1 -0.0218825941365067 0 -0.117750977345785
945 2 3 1 -0.0208976426749251 0 -0.117401710339394
947 2 3 1 -0.0199179644683478 0 -0.117062856056832
949 2 3 1 -0.0189437240267825 0 -0.116734858502429
951 2 3 1 -0.0179750858602372 0 -0.116418161680517
953 2 3 1 -0.0170122144787197 0 -0.11611320959543
955 2 3 1 -0.0160552743922378 0 -0.115820446251498
957 2 3 1 -0.0151044301107992 0 -0.115540315653055
959 2 3 1 -0.014159846144412 0 -0.115273261804431
961 2 3 1 -0.0132216870030838 0 -0.11501972870996
963 2 3 1 -0.0122901171968226 0 -0.114780160373972
965 2 3 1 -0.0113653012356361 0 -0.114555000800801
967 2 3 1 -0.0104474036295321 0 -0.114344693994778
969 2 3 1 -0.00953658888851863 0 -0.114149683960235
971 2 3 1 -0.00863302152260335 0 -0.113970414701504
973 2 3 1 -0.00773686604179414 0 -0.113807330222918
975 2 3 1 -0.00684828695609885 0 -0.113660874528808
977 2 3 1 -0.00596744877552527 0 -0.113531491623506
979 2 3 1 -0.00509451601008125 0 -0.113419625511346
981 2 3 1 -0.00422965316977463 0 -0.113325720196657
983 2 3 1 -0.00337302476461323 0 -0.113250219683774
985 2 3 1 -0.00252479530460488 0 -0.113193567977027
987 2 3 1 -0.00168512929975743 0 -0.113156209080748
989 2 3 1 -0.000854191260078679 0 -0.113138586999271
991 2 3 1 -3.21456955764745e-05 0 -0.113141145736926
993 2 3 1 0.000780842883741357 0 -0.113164329298046
995 2 3 1 0.00158460996786698 0 -0.113208581686964
997 2 3 1 0.00237899104679256 0 -0.11327434690801
1000 2 3 1 0.0031638216105103 0 -0.113362068965517
0 3 3 1 0.0889623737599428 0 -0.0892241379310345
2 3 3 1 0.0897908370014578 0 -0.0890353750796392
4 3 3 1 0.0906307698318939 0 -0.0888722965012335
6 3 3 1 0.0914816336208646 0 -0.0887344696585985
8 3 3 1 0.0923428897379827 0 -0.0886214620145154
10 3 3 1 0.0932139995528616 0 -0.0885328410317655
12 3 3 1 0.0940944244351144 0 -0.0884681741731298
14 3 3 1 0.0949836257543543 0 -0.0884270289013894
16 3 3 1 0.0958810648801944 0 -0.0884089726793257
18 3 3 1 0.0967862031822479 0 -0.0884135729697197
20 3 3 1 0.0976985020301279 0 -0.0884403972353526
22 3 3 1 0.0986174227934477 0 -0.0884890129390057
24 3 3 1 0.0995424268418203 0 -0.0885589875434599
26 3 3 1 0.100472975544859 0 -0.0886498885114966
28 3 3 1 0.101408530272177 0 -0.0887612833058969
30 3 3 1 0.102348552393387 0 -0.0888927393894419
32 3 3 1 0.103292503278103 0 -0.0890438242249128
34 3 3 1 0.104239844295937 0 -0.0892141052750908
36 3 3 1 0.105190036816504 0 -0.0894031500027571
38 3 3 1 0.106142542209415 0 -0.0896105258706928
40 3 3 1 0.107096821844284 0 -0.089835800341679
42 3 3 1 0.108052337090725 0 -0.0900785408784971
44 3 3 1 0.109008549318351 0 -0.090338314943928
46 3 3 1 0.109964919896774 0 -0.090614690000753
48 3 3 1 0.110920910195608 0 -0.0909072335117533
50 3 3 1 0.111875981584466 0 -0.09121551293971
52 3 3 1 0.112829595432961 0 -0.0915390957474043
54 3 3 1 0.113781213110706 0 -0.0918775493976174
56 3 3 1 0.114730295987315 0 -0.0922304413531303
58 3 3 1 0.1156763054324 0 -0.0925973390767244
60 3 3 1 0.116618702815576 0 -0.0929778100311807
62 3 3 1 0.117556949506454 0 -0.0933714216792804
64 3 3 1 0.118490506874649 0 -0.0937777414838047
66 3 3 1 0.119418836289772 0 -0.0941963369075348
68 3 3 1 0.120341399121439 0 -0.0946267754132518
70 3 3 1 0.121257656739261 0 -0.0950686244637369
72 3 3 1 0.122167070512851 0 -0.0955214515217713
74 3 3 1 0.123069101811824 0 -0.095984824050136
76 3 3 1 0.123963212005792 0 -0.0964583095116124
78 3 3 1 0.124848862464368 0 -0.0969414753689815
80 3 3 1 0.125725514557165 0 -0.0974338890850246
82 3 3 1 0.126592629653797 0 -0.0979351181225227
84 3 3 1 0.127449669123877 0 -0.0984447299442571
86 3 3 1 0.128296094337018 0 -0.098962292013009
88 3 3 1 0.129131366662833 0 -0.0994873717915594
90 3 3 1 0.129954947470935 0 -0.10001953674269
92 3 3 1 0.130766298130938 0 -0.100558354329181
94 3 3 1 0.131564880012454 0 -0.101103392013814
96 3 3 1 0.132350154485097 0 -0.10165421725937
98 3 3 1 0.13312158291848 0 -0.102210397528631
100 3 3 1 0.133878626682216 0 -0.102771500284378
102 3 3 1 0.134620747145918 0 -0.103337092989391
104 3 3 1 0.1353474056792 0 -0.103906743106452
106 3 3 1 0.136058063651674 0 -0.104480018098343
108 3 3 1 0.136752182432954 0 -0.105056485427843
110 3 3 1 0.137429223392653 0 -0.105635712557735
112 3 3 1 0.138088647900384 0 -0.1062172669508
114 3 3 1 0.13872991732576 0 -0.106800716069818
116 3 3 1 0.139352493038395 0 -0.107385627377571
118 3 3 1 0.139955836407901 0 -0.107971568336841
120 3 3 1 0.140539408803892 0 -0.108558106410407
122 3 3 1 0.141102671595981 0 -0.109144809061052
124 3 3 1 0.14164508615378 0 -0.109731243751557
126 3 3 1 0.142166113846904 0 -0.110316977944703
128 3 3 1 0.142665216044966 0 -0.11090157910327
130 3 3 1 0.143141854117578 0 -0.11148461469004
132 3 3 1 0.143595489434353 0 -0.112065652167795
134 3 3 1 0.144025583364906 0 -0.112644258999315
136 3 3 1 0.144431597278848 0 -0.113220002647382
138 3 3 1 0.144812992545794 0 -0.113792450574777
140 3 3 1 0.145169230535356 0 -0.11436117024428
142 3 3 1 0.145499772617147 0 -0.114925729118674
144 3 3 1 0.145804135655274 0 -0.115485725712954
146 3 3 1 0.146082381691736 0 -0.116041063599077
148 3 3 1 0.146334882205826 0 -0.116591819496153
150 3 3 1 0.146562012228481 0 -0.117138072110632
152 3 3 1 0.14676414679064 0 -0.117679900148964
154 3 3 1 0.146941660923241 0 -0.1182173823176
156 3 3 1 0.147094929657224 0 -0.11875059732299
158 3 3 1 0.147224328023526 0 -0.119279623871585
160 3 3 1 0.147330231053087 0 -0.119804540669834
162 3 3 1 0.147413013776845 0 -0.12032542642419
164 3 3 1 0.147473051225738 0 -0.120842359841101
166 3 3 1 0.147510718430706 0 -0.121355419627018
168 3 3 1 0.147526390422686 0 -0.121864684488393
170 3 3 1 0.147520442232617 0 -0.122370233131674
172 3 3 1 0.147493248891438 0 -0.122872144263314
174 3 3 1 0.147445185430088 0 -0.123370496589761
176 3 3 1 0.147376626879505 0 -0.123865368817468
178 3 3 1 0.147287948270627 0 -0.124356839652883
180 3 3 1 0.147179524634393 0 -0.124844987802458
182 3 3 1 0.147051731001743 0 -0.125329891972643
184 3 3 1 0.146904942403613 0 -0.125811630869888
186 3 3 1 0.146739533870944 0 -0.126290283200644
188 3 3 1 0.146555880434673 0 -0.126765927671362
190 3 3 1 0.146354357125739 0 -0.127238642988491
192 3 3 1 0.146135338975081 0 -0.127708507858482
194 3 3 1 0.145899201013637 0 -0.128175600987787
196 3 3 1 0.145646318272346 0 -0.128640001082854
198 3 3 1 0.145377065782146 0 -0.129101786850135
200 3 3 1 0.145091818573977 0 -0.12956103699608
202 3 3 1 0.144790951678776 0 -0.130017830227139
204 3 3 1 0.144474840127482 0 -0.130472245249763
206 3 3 1 0.144143858951034 0 -0.130924360770403
208 3 3 1 0.14379838318037 0 -0.131374255495508
210 3 3 1 0.143438787846429 0 -0.13182200813153
212 3 3 1 0.14306544798015 0 -0.132267697384918
214 3 3 1 0.142678738612471 0 -0.132711401962124
216 3 3 1 0.14227903477433 0 -0.133153200569597
218 3 3 1 0.141866711496667 0 -0.133593171913788
220 3 3 1 0.141442143810419 0 -0.134031394701148
222 3 3 1 0.141005706746526 0 -0.134467947638127
224 3 3 1 0.140557775335926 0 -0.134902909431175
226 3 3 1 0.140098724609558 0 -0.135336358786743
228 3 3 1 0.13962892959836 0 -0.135768374411281
230 3 3 1 0.13914876533327 0 -0.13619903501124
232 3 3 1 0.138658606845228 0 -0.13662841929307
234 3 3 1 0.138158829165172 0 -0.137056605963221
236 3 3 1 0.13764980732404 0 -0.137483673728145
238 3 3 1 0.137131916352771 0 -0.137909701294291
240 3 3 1 0.136605531282304 0 -0.138334767368111
242 3 3 1 0.136071027143577 0 -0.138758950656053
244 3 3 1 0.135528778967529 0 -0.13918232986457
246 3 3 1 0.134979161785099 0 -0.139604983700111
248 3 3 1 0.134422550627224 0 -0.140026990869126
250 3 3 1 0.133859320524844 0 -0.140448430078067
252 3 3 1 0.133289846508897 0 -0.140869380033384
254 3 3 1 0.132714503610322 0 -0.141289919441526
256 3 3 1 0.132133666860058 0 -0.141710127008946
258 3 3 1 0.131547711289042 0 -0.142130081442092
260 3 3 1 0.130957011928213 0 -0.142549861447416
262 3 3 1 0.130361943808511 0 -0.142969545731367
264 3 3 1 0.129762881960873 0 -0.143389213000397
266 3 3 1 0.129160201416239 0 -0.143808941960956
268 3 3 1 0.128554277205546 0 -0.144228811319494
270 3 3 1 0.127945484359734 0 -0.144648899782461
272 3 3 1 0.127334197909741 0 -0.145069286056309
274 3 3 1 0.126720792886505 0 -0.145490048847487
276 3 3 1 0.126105644320966 0 -0.145911266862447
278 3 3 1 0.125489127244061 0 -0.146333018807638
280 3 3 1 0.12487161668673 0 -0.14675538338951
282 3 3 1 0.12425348767991 0 -0.147178439314516
284 3 3 1 0.123635115254541 0 -0.147602265289104
286 3 3 1 0.123016868093463 0 -0.148026938283508
288 3 3 1 0.122398905157154 0 -0.148452477908515
290 3 3 1 0.121781132657734 0 -0.148878834647771
292 3 3 1 0.121163441759975 0 -0.149305954869447
294 3 3 1 0.120545723628652 0 -0.149733784941714
296 3 3 1 0.119927869428539 0 -0.150162271232743
298 3 3 1 0.119309770324408 0 -0.150591360110705
300 3 3 1 0.118691317481036 0 -0.151020997943771
302 3 3 1 0.118072402063194 0 -0.151451131100112
304 3 3 1 0.117452915235656 0 -0.151881705947898
306 3 3 1 0.116832748163198 0 -0.152312668855301
308 3 3 1 0.116211792010592 0 -0.152743966190491
310 3 3 1 0.115589937942612 0 -0.15317554432164
312 3 3 1 0.114967077124033 0 -0.153607349616918
314 3 3 1 0.114343100719627 0 -0.154039328444497
316 3 3 1 0.11371789989417 0 -0.154471427172547
318 3 3 1 0.113091365812433 0 -0.154903592169239
320 3 3 1 0.112463389639193 0 -0.155335769802744
322 3 3 1 0.111833862539221 0 -0.155767906441234
324 3 3 1 0.111202675677293 0 -0.156199948452878
326 3 3 1 0.110569720218182 0 -0.156631842205849
328 3 3 1 0.109934887326662 0 -0.157063534068316
330 3 3 1 0.109298068167506 0 -0.157494970408451
332 3 3 1 0.108659153905489 0 -0.157926097594425
334 3 3 1 0.108018035705384 0 -0.158356861994408
336 3 3 1 0.107374604731965 0 -0.158787209976573
338 3 3 1 0.106728752150006 0 -0.159217087909088
340 3 3 1 0.106080369124281 0 -0.159646442160127
342 3 3 1 0.105429346819563 0 -0.160075219097858
344 3 3 1 0.104775576400627 0 -0.160503365090454
346 3 3 1 0.104118949032246 0 -0.160930826506086
348 3 3 1 0.103459355879194 0 -0.161357549712923
350 3 3 1 0.102796688106246 0 -0.161783481079138
352 3 3 1 0.102130836878174 0 -0.162208566972901
354 3 3 1 0.101461693359752 0 -0.162632753762383
356 3 3 1 0.100789148715755 0 -0.163055987815754
358 3 3 1 0.100113094110956 0 -0.163478215501187
360 3 3 1 0.0994334207101298 0 -0.163899383186852
362 3 3 1 0.0987500196780491 0 -0.164319437240919
364 3 3 1 0.0980627821794882 0 -0.16473832403156
366 3 3 1 0.0973715993792208 0 -0.165155989926946
368 3 3 1 0.0966763624420209 0 -0.165572381295247
370 3 3 1 0.0959769625326622 0 -0.165987444504635
372 3 3 1 0.0952732908159185 0 -0.16640112592328
374 3 3 1 0.0945652384565638 0 -0.166813371919353
376 3 3 1 0.0938526966193719 0 -0.167224128861026
378 3 3 1 0.0931355564691165 0 -0.167633343116469
380 3 3 1 0.0924137091705715 0 -0.168040961053853
382 3 3 1 0.0916870458885107 0 -0.16844692904135
384 3 3 1 0.090955457787708 0 -0.168851193447129
386 3 3 1 0.0902188360329372 0 -0.169253700639362
388 3 3 1 0.0894770717889721 0 -0.16965439698622
390 3 3 1 0.0887300562205866 0 -0.170053228855875
392 3 3 1 0.0879776804925545 0 -0.170450142616495
394 3 3 1 0.0872198357696496 0 -0.170845084636254
396 3 3 1 0.0864564132166457 0 -0.171238001283321
398 3 3 1 0.0856873039983167 0 -0.171628838925868
400 3 3 1 0.0849123992794364 0 -0.172017543932065
402 3 3 1 0.0841315902247787 0 -0.172404062670084
404 3 3 1 0.0833447679991174 0 -0.172788341508095
406 3 3 1 0.0825518237672262 0 -0.173170326814269
408 3 3 1 0.0817526486938791 0 -0.173549964956778
410 3 3 1 0.0809471339438498 0 -0.173927202303792
412 3 3 1 0.0801351706819123 0 -0.174301985223482
414 3 3 1 0.0793166500728403 0 -0.174674260084019
416 3 3 1 0.0784914632814076 0 -0.175043973253573
418 3 3 1 0.0776595014723882 0 -0.175411071100317
420 3 3 1 0.0768206558105557 0 -0.175775499992421
422 3 3 1 0.0759748174606841 0 -0.176137206298055
424 3 3 1 0.0751218775875472 0 -0.176496136385392
426 3 3 1 0.0742617273559188 0 -0.1768522366226
428 3 3 1 0.0733942582061084 0 -0.177205453331148
430 3 3 1 0.072519501550525 0 -0.177555709106237
432 3 3 1 0.0716378560905715 0 -0.17790286428499
434 3 3 1 0.0707497800433466 0 -0.178246769116195
436 3 3 1 0.069855731625949 0 -0.178587273848642
438 3 3 1 0.0689561690554774 0 -0.178924228731118
440 3 3 1 0.0680515505490305 0 -0.179257484012414
442 3 3 1 0.067142334323707 0 -0.179586889941317
444 3 3 1 0.0662289785966057 0 -0.179912296766618
446 3 3 1 0.0653119415848253 0 -0.180233554737104
448 3 3 1 0.0643916815054643 0 -0.180550514101566
450 3 3 1 0.0634686565756217 0 -0.180863025108791
452 3 3 1 0.0625433250123961 0 -0.18117093800757
454 3 3 1 0.0616161450328862 0 -0.18147410304669
456 3 3 1 0.0606875748541906 0 -0.181772370474941
458 3 3 1 0.0597580726934082 0 -0.182065590541112
460 3 3 1 0.0588280967676377 0 -0.182353613493992
462 3 3 1 0.0578981052939777 0 -0.182636289582369
464 3 3 1 0.0569685564895269 0 -0.182913469055034
466 3 3 1 0.0560399085713841 0 -0.183185002160774
468 3 3 1 0.055112619756648 0 -0.183450739148378
470 3 3 1 0.0541871482624173 0 -0.183710530266637
472 3 3 1 0.0532639523057907 0 -0.183964225764337
474 3 3 1 0.0523434901038669 0 -0.18421167589027
476 3 3 1 0.0514262198737447 0 -0.184452730893223
478 3 3 1 0.0505125998325226 0 -0.184687241021986
480 3 3 1 0.0496030881972996 0 -0.184915056525347
482 3 3 1 0.0486981431851742 0 -0.185136027652095
484 3 3 1 0.0477982230132452 0 -0.18535000465102
486 3 3 1 0.0469037858986112 0 -0.185556837770911
488 3 3 1 0.0460152900583711 0 -0.185756377260556
490 3 3 1 0.0451331937096235 0 -0.185948473368744
492 3 3 1 0.0442579550694671 0 -0.186132976344264
494 3 3 1 0.0433900323550006 0 -0.186309736435906
496 3 3 1 0.0425298837833228 0 -0.186478603892458
498 3 3 1 0.0416779675715323 0 -0.18663942896271
501 3 3 1 0.040834741936728 0 -0.186792061895449
503 3 3 1 0.0400006650960084 0 -0.186936352939466
505 3 3 1 0.0391761952664723 0 -0.187072152343549
507 3 3 1 0.0383617906652184 0 -0.187199310356487
509 3 3 1 0.0375579095093454 0 -0.187317677227069
511 3 3 1 0.036765010015952 0 -0.187427103204084
513 3 3 1 0.035983550402137 0 -0.187527438536321
515 3 3 1 0.0352139888849991 0 -0.18761853347257
517 3 3 1 0.0344567836816369 0 -0.187700238261618
519 3 3 1 0.0337123930091492 0 -0.187772403152255
521 3 3 1 0.0329812750846346 0 -0.18783487839327
523 3 3 1 0.032263888125192 0 -0.187887514233452
525 3 3 1 0.03156069034792 0 -0.18793016092159
527 3 3 1 0.0308721399699173 0 -0.187962668706472
529 3 3 1 0.0301986952082827 0 -0.187984887836889
531 3 3 1 0.0295408142801147 0 -0.187996668561628
533 3 3 1 0.0288989554025123 0 -0.187997861129479
535 3 3 1 0.028273576792574 0 -0.187988315789231
537 3 3 1 0.0276651366673986 0 -0.187967882789672
539 3 3 1 0.0270740932440848 0 -0.187936412379592
541 3 3 1 0.0265009047397313 0 -0.18789375480778
543 3 3 1 0.0259460293714368 0 -0.187839760323024
545 3 3 1 0.0254099253563001 0 -0.187774279174114
547 3 3 1 0.0248930509114198 0 -0.187697161609839
549 3 3 1 0.0243958642538946 0 -0.187608257878987
551 3 3 1 0.0239188236008234 0 -0.187507418230347
553 3 3 1 0.0234623871693046 0 -0.187394492912709
555 3 3 1 0.0230270131764372 0 -0.187269332174861
557 3 3 1 0.0226131598393198 0 -0.187131786265593
559 3 3 1 0.0222212853750511 0 -0.186981705433693
561 3 3 1 0.0218518480007298 0 -0.18681893992795
563 3 3 1 0.0215053059334547 0 -0.186643339997154
565 3 3 1 0.0211821173903244 0 -0.186454755890093
567 3 3 1 0.0208827405884376 0 -0.186253037855556
569 3 3 1 0.0206076337448931 0 -0.186038036142333
571 3 3 1 0.0203572550767896 0 -0.185809600999211
573 3 3 1 0.0201319650150458 0 -0.185567633920782
575 3 3 1 0.0199315205230893 0 -0.185312352654652
577 3 3 1 0.0197554485857392 0 -0.185044095470963
579 3 3 1 0.0196032757351009 0 -0.184763200877102
581 3 3 1 0.0194745285032794 0 -0.184470007380459
583 3 3 1 0.0193687334223803 0 -0.184164853488421
585 3 3 1 0.0192854170245086 0 -0.183848077708378
587 3 3 1 0.0192241058417696 0 -0.183520018547718
589 3 3 1 0.0191843264062687 0 -0.18318101451383
591 3 3 1 0.019165605250111 0 -0.182831404114103
593 3 3 1 0.0191674689054019 0 -0.182471525855925
595 3 3 1 0.0191894439042467 0 -0.182101718246684
597 3 3 1 0.0192310567787504 0 -0.18172231979377
599 3 3 1 0.0192918340610186 0 -0.181333669004571
601 3 3 1 0.0193713022831563 0 -0.180936104386476
603 3 3 1 0.0194689879772689 0 -0.180529964446873
605 3 3 1 0.0195844176754617 0 -0.180115587693152
607 3 3 1 0.0197171179098398 0 -0.1796933126327
609 3 3 1 0.0198666152125086 0 -0.179263477772906
611 3 3 1 0.0200324361155733 0 -0.178826421621159
613 3 3 1 0.0202141071511392 0 -0.178382482684849
615 3 3 1 0.0204111548513116 0 -0.177931999471362
617 3 3 1 0.0206231057481957 0 -0.177475310488088
619 3 3 1 0.0208494863738968 0 -0.177012754242416
621 3 3 1 0.0210898232605201 0 -0.176544669241735
623 3 3 1 0.021343642940171 0 -0.176071393993432
625 3 3 1 0.0216104719449546 0 -0.175593267004897
627 3 3 1 0.0218898368069763 0 -0.175110626783518
629 3 3 1 0.0221812640583412 0 -0.174623811836684
631 3 3 1 0.0224842802311548 0 -0.174133160671784
633 3 3 1 0.0227984118575222 0 -0.173639011796205
635 3 3 1 0.0231231854695487 0 -0.173141703717338
637 3 3 1 0.0234581275993395 0 -0.17264157494257
639 3 3 1 0.023802764779 0 -0.17213896397929
641 3 3 1 0.0241566235406354 0 -0.171634209334887
643 3 3 1 0.024519230416351 0 -0.17112764951675
645 3 3 1 0.0248901119382519 0 -0.170619623032266
647 3 3 1 0.0252687946384436 0 -0.170110468388826
649 3 3 1 0.0256548050490312 0 -0.169600524093816
651 3 3 1 0.02604766970212 0 -0.169090128654627
653 3 3 1 0.0264469151298153 0 -0.168579620578647
655 3 3 1 0.0268520678642224 0 -0.168069338373264
657 3 3 1 0.0272626544374465 0 -0.167559620545867
659 3 3 1 0.0276782013815928 0 -0.167050805603844
661 3 3 1 0.0280982352287667 0 -0.166543232054585
663 3 3 1 0.0285222825110734 0 -0.166037238405478
665 3 3 1 0.0289498697606182 0 -0.165533163163911
667 3 3 1 0.0293805235095063 0 -0.165031344837274
669 3 3 1 0.029813770289843 0 -0.164532121932955
671 3 3 1 0.0302491366337336 0 -0.164035832958342
673 3 3 1 0.0306861490732832 0 -0.163542816420825
675 3 3 1 0.0311243341405973 0 -0.163053410827791
677 3 3 1 0.0315632183677811 0 -0.16256795468663
679 3 3 1 0.0320023282869398 0 -0.16208678650473
681 3 3 1 0.0324411904301786 0 -0.16161024478948
683 3 3 1 0.0328793313296029 0 -0.161138668048269
685 3 3 1 0.0333162775173179 0 -0.160672394788484
687 3 3 1 0.0337515555254289 0 -0.160211763517516
689 3 3 1 0.0341846918860412 0 -0.159757112742752
691 3 3 1 0.0346152131312599 0 -0.159308780971581
693 3 3 1 0.0350426457931905 0 -0.158867106711391
695 3 3 1 0.035466516403938 0 -0.158432428469573
697 3 3 1 0.0358863514956079 0 -0.158005084753513
699 3 3 1 0.0363016776003053 0 -0.157585414070601
701 3 3 1 0.0367120212501356 0 -0.157173754928225
703 3 3 1 0.037116908977204 0 -0.156770445833774
705 3 3 1 0.0375158673136157 0 -0.156375825294637
707 3 3 1 0.037908422791476 0 -0.155990231818202
709 3 3 1 0.0382941019428903 0 -0.155614003911859
711 3 3 1 0.0386724312999637 0 -0.155247480082994
713 3 3 1 0.0390429373948015 0 -0.154890998838998
715 3 3 1 0.0394051672394188 0 -0.154544876463688
717 3 3 1 0.0397590118443165 0 -0.154209055954335
719 3 3 1 0.0401046476587389 0 -0.153883170567187
721 3 3 1 0.0404422597718923 0 -0.153566844182923
723 3 3 1 0.0407720332729829 0 -0.153259700682224
725 3 3 1 0.041094153251217 0 -0.152961363945767
727 3 3 1 0.041408804795801 0 -0.152671457854232
729 3 3 1 0.041716172995941 0 -0.1523896062883
731 3 3 1 0.0420164429408435 0 -0.152115433128648
733 3 3 1 0.0423097997197147 0 -0.151848562255956
735 3 3 1 0.0425964284217608 0 -0.151588617550903
737 3 3 1 0.0428765141361883 0 -0.151335222894169
739 3 3 1 0.0431502419522032 0 -0.151088002166434
741 3 3 1 0.043417796959012 0 -0.150846579248375
743 3 3 1 0.043679364245821 0 -0.150610578020673
745 3 3 1 0.0439351289018363 0 -0.150379622364007
747 3 3 1 0.0441852760162644 0 -0.150153336159055
749 3 3 1 0.0444299906783114 0 -0.149931343286499
751 3 3 1 0.0446694579771838 0 -0.149713267627015
753 3 3 1 0.0449038630020876 0 -0.149498733061285
755 3 3 1 0.0451333908422294 0 -0.149287363469987
757 3 3 1 0.0453582265868153 0 -0.1490787827338
759 3 3 1 0.0455785553250516 0 -0.148872614733404
761 3 3 1 0.0457945621461446 0 -0.148668483349478
763 3 3 1 0.0460064321393006 0 -0.148466012462701
765 3 3 1 0.0462143503937259 0 -0.148264825953753
767 3 3 1 0.0464185019986268 0 -0.148064547703313
769 3 3 1 0.0466190720432096 0 -0.147864801592059
771 3 3 1 0.0468162456166805 0 -0.147665211500673
773 3 3 1 0.0470102078082458 0 -0.147465401309831
775 3 3 1 0.0472011437071119 0 -0.147264994900215
777 3 3 1 0.047389238402485 0 -0.147063616152503
779 3 3 1 0.0475746769835714 0 -0.146860888947374
781 3 3 1 0.0477576445395774 0 -0.146656437165508
783 3 3 1 0.0479383261597093 0 -0.146449884687584
785 3 3 1 0.0481169069331733 0 -0.146240855394282
787 3 3 1 0.0482935719491758 0 -0.14602897316628
789 3 3 1 0.048468506296923 0 -0.145813861884258
791 3 3 1 0.0486418950656213 0 -0.145595145428895
793 3 3 1 0.0488139233444768 0 -0.14537244768087
795 3 3 1 0.048984776222696 0 -0.145145392520863
797 3 3 1 0.049154638789485 0 -0.144913603829553
799 3 3 1 0.0493236961340503 0 -0.14467670548762
801 3 3 1 0.049492133345598 0 -0.144434321375741
803 3 3 1 0.0496601355133344 0 -0.144186075374598
805 3 3 1 0.0498278877264659 0 -0.143931591364869
807 3 3 1 0.0499955750741988 0 -0.143670493227232
809 3 3 1 0.0501633826457392 0 -0.143402404842369
811 3 3 1 0.0503314955302935 0 -0.143126950090958
813 3 3 1 0.0505000988170681 0 -0.142843752853677
815 3 3 1 0.0506693775952691 0 -0.142552437011207
817 3 3 1 0.0508395169541029 0 -0.142252626444227
819 3 3 1 0.0510107019827757 0 -0.141943945033416
821 3 3 1 0.0511831177704939 0 -0.141626016659453
823 3 3 1 0.0513569494064636 0 -0.141298465203017
825 3 3 1 0.0515323819798914 0 -0.140960914544789
827 3 3 1 0.0517096005799833 0 -0.140612988565446
829 3 3 1 0.0518887902959457 0 -0.140254311145669
831 3 3 1 0.0520701362169849 0 -0.139884506166137
833 3 3 1 0.0522538234323071 0 -0.139503197507528
835 3 3 1 0.0524400370311187 0 -0.139110009050523
837 3 3 1 0.0526289621026259 0 -0.1387045646758
839 3 3 1 0.0528207837360351 0 -0.138286488264039
841 3 3 1 0.0530156870205525 0 -0.137855403695919
843 3 3 1 0.0532138570453844 0 -0.137410934852119
845 3 3 1 0.0534154788997371 0 -0.136952705613319
847 3 3 1 0.0536207376728168 0 -0.136480339860197
849 3 3 1 0.0538298184538299 0 -0.135993461473434
851 3 3 1 0.0540429063319827 0 -0.135491694333708
853 3 3 1 0.0542601863964814 0 -0.134974662321699
855 3 3 1 0.0544818437365324 0 -0.134441989318086
857 3 3 1 0.0547080631206695 0 -0.133893302977872
859 3 3 1 0.0549390013788552 0 -0.133328559794114
861 3 3 1 0.0551747661178579 0 -0.132748295618725
863 3 3 1 0.0554154599339416 0 -0.132153105277446
865 3 3 1 0.0556611854233705 0 -0.131543583596018
867 3 3 1 0.0559120451824089 0 -0.130920325400182
869 3 3 1 0.0561681418073208 0 -0.130283925515677
871 3 3 1 0.0564295778943704 0 -0.129634978768245
873 3 3 1 0.0566964560398219 0 -0.128974079983626
875 3 3 1 0.0569688788399395 0 -0.128301823987561
877 3 3 1 0.0572469488909872 0 -0.127618805605789
879 3 3 1 0.0575307687892294 0 -0.126925619664053
881 3 3 1 0.05782044113093 0 -0.126222860988091
883 3 3 1 0.0581160685123533 0 -0.125511124403645
885 3 3 1 0.0584177535297635 0 -0.124791004736456
887 3 3 1 0.0587255987794246 0 -0.124063096812264
889 3 3 1 0.059039706857601 0 -0.123327995456809
891 3 3 1 0.0593601803605566 0 -0.122586295495832
893 3 3 1 0.0596871218845557 0 -0.121838591755073
895 3 3 1 0.0600206340258624 0 -0.121085479060274
897 3 3 1 0.060360819380741 0 -0.120327552237174
899 3 3 1 0.0607077805454554 0 -0.119565406111515
901 3 3 1 0.06106162011627 0 -0.118799635509036
903 3 3 1 0.0614224406894489 0 -0.118030835255479
905 3 3 1 0.0617903448612562 0 -0.117259600176583
907 3 3 1 0.0621654352279561 0 -0.11648652509809
909 3 3 1 0.0625478143858128 0 -0.11571220484574
911 3 3 1 0.0629375849310903 0 -0.114937234245274
913 3 3 1 0.063334849460053 0 -0.114162208122431
915 3 3 1 0.0637397105689648 0 -0.113387721302953
917 3 3 1 0.06415227085409 0 -0.112614368612581
919 3 3 1 0.0645726329116928 0 -0.111842744877054
921 3 3 1 0.0650008993380373 0 -0.111073444922113
923 3 3 1 0.0654371727293877 0 -0.1103070635735
925 3 3 1 0.0658815556820081 0 -0.109544195656953
927 3 3 1 0.0663341507921627 0 -0.108785435998215
929 3 3 1 0.0667950606561156 0 -0.108031379423025
931 3 3 1 0.067264387870131 0 -0.107282620757124
933 3 3 1 0.0677422350304731 0 -0.106539754826253
935 3 3 1 0.068228704733406 0 -0.105803376456152
937 3 3 1 0.0687238995751939 0 -0.105074080472562
939 3 3 1 0.0692279221521009 0 -0.104352461701222
941 3 3 1 0.0697408750603912 0 -0.103639114967875
943 3 3 1 0.070262860896329 0 -0.10293463509826
945 3 3 1 0.0707939822561784 0 -0.102239616918119
947 3 3 1 0.0713343417362036 0 -0.10155465525319
949 3 3 1 0.0718840419326687 0 -0.100880344929216
951 3 3 1 0.0724431854418379 0 -0.100217280771936
953 3 3 1 0.0730118748599754 0 -0.0995660576070912
955 3 3 1 0.0735902127833453 0 -0.0989272702604222
957 3 3 1 0.0741783018082118 0 -0.0983015135576695
959 3 3 1 0.074776244530839 0 -0.0976893823245735
961 3 3 1 0.0753841435474911 0 -0.0970914713868749
963 3 3 1 0.0760021014544322 0 -0.0965083755703143
965 3 3 1 0.0766302208479266 0 -0.095940689700632
967 3 3 1 0.0772686043242383 0 -0.0953890086035688
969 3 3 1 0.0779173544796316 0 -0.0948539271048652
971 3 3 1 0.0785765739103706 0 -0.0943360400302617
973 3 3 1 0.0792463652127194 0 -0.0938359422054988
975 3 3 1 0.0799268309829422 0 -0.0933542284563172
977 3 3 1 0.0806180738173032 0 -0.0928914936084574
979 3 3 1 0.0813201963120665 0 -0.0924483324876599
981 3 3 1 0.0820333010634963 0 -0.0920253399196652
983 3 3 1 0.0827574906678568 0 -0.091623110730214
985 3 3 1 0.083492867721412 0 -0.0912422397450468
987 3 3 1 0.0842395348204262 0 -0.0908833217899042
989 3 3 1 0.0849975945611636 0 -0.0905469516905266
991 3 3 1 0.0857671495398882 0 -0.0902337242726547
993 3 3 1 0.0865483023528643 0 -0.0899442343620289
995 3 3 1 0.087341155596356 0 -0.0896790767843899
997 3 3 1 0.0881458118666274 0 -0.0894388463654783
1000 3 3 1 0.0889623737599428 0 -0.0892241379310345
